Input/HOURLY_GHI/2015/solar_ghi_20150101_01UT.txt
NCOLS 839
NROWS 679
XLLCORNER 112.025005
YLLCORNER -43.9750009
CELLSIZE 0.0499954
NODATA_VALUE -999
[rows 312 to 350 of 679, columns 704 to 791 of 839]
1058 1059 1060 1060 1060 1060 1061 1061 1061 1061 1062 1063 1063 1063 1063 1064 1058 929 913 1023 1061 1063 1064 1057 1055 1062 1063 1062 1063 1064 1063 1062 1062 1060 1044 1047 1056 1045 1056 1056 1047 1036 1031 998 996 1017 1028 1002 1003 1014 1008 1015 1034 1046 1037 1023 1045 1011 1025 871 891 985 1028 1022 1015 956 1033 1011 1039 1016 1007 987 833 1013 979 978 964 887 1024 1045 1003 1033 1049 1047 1052 1052 1051 1020
1060 1061 1060 1060 1059 1060 1060 1060 1061 1061 1062 1063 1063 1063 1063 1063 1063 1019 981 1015 1058 1064 1064 1057 1049 1063 1063 1061 1063 1064 1063 1063 1062 1042 1044 1042 1052 1055 1053 1054 1055 1050 1041 1042 1028 1034 1034 1022 1037 1036 1044 1044 1050 1041 1046 1034 1041 1027 1048 973 908 943 966 735 1018 1004 1050 1015 973 1033 1027 992 905 972 1016 997 1002 959 915 1015 976 992 1030 1009 1021 1047 1052 992
1060 1061 1061 1061 1056 1060 1060 1060 1060 1062 1033 1014 1062 1063 1063 1062 1063 1064 1045 1040 1040 1064 1057 1052 1043 1061 1058 1062 1063 1063 1059 1059 1061 1062 1024 1059 1058 1058 1058 1056 1051 1055 1055 1044 1041 1032 1029 1043 1043 1044 1053 1053 1053 1052 1034 1036 1036 1030 990 951 934 932 652 797 955 1027 1034 990 1017 1040 1036 944 956 981 969 907 963 1011 1011 897 1019 1032 1026 1035 1052 1013 1038 1011
1060 1061 1062 1061 1061 1060 1061 1061 1048 1040 1016 1046 1063 1063 1063 1063 1063 1063 1061 1057 1056 1064 1064 1064 1063 1054 1050 1062 1063 1063 1054 1051 1046 1056 1042 1054 1059 1058 1057 1057 1056 1044 1006 999 1032 1045 1040 1048 1048 1045 1050 1050 1054 1054 1023 1031 1039 1036 1018 1024 991 790 792 796 917 1010 1024 901 911 1054 1039 1015 1001 1026 1016 1039 994 1001 870 983 1006 1033 1007 1005 995 978 828 1033
1061 1061 1062 1062 1052 1031 1061 1062 1017 981 894 1063 1063 1063 1063 1063 1063 1064 1064 1065 1063 1064 1062 1056 1057 1057 1062 1061 1062 1063 1064 1064 1063 1063 1058 1060 1060 1059 1058 1056 1039 1045 1036 1034 1047 1044 1053 1051 1053 1053 1053 1054 1038 1006 1020 1023 1033 1045 1050 1015 1035 869 932 855 1016 979 1016 900 964 1031 1017 961 1004 1032 1024 1027 995 981 1006 1014 1042 1030 1023 1039 942 951 948 1020
1061 1061 1062 1061 1062 1049 1061 1062 1058 977 1062 1063 1062 1062 1063 1063 1063 1064 1064 1065 1063 1063 1064 1065 1064 1062 1061 1060 1061 1063 1063 1062 1059 1063 1034 1057 1059 1055 1058 1057 1055 1055 1055 1053 1038 1049 1054 1045 1047 1052 1052 1054 1048 1039 1029 1037 1028 1046 1039 1024 1024 1036 965 1025 994 939 982 974 942 1012 1054 1037 1011 1017 1044 1045 1029 981 879 945 1033 1026 1046 1008 951 1012 827 923
1061 1062 1062 1058 1061 1061 1061 1061 1061 1062 1062 1062 1062 1062 1063 1062 1063 1063 1064 1064 1066 1064 1064 1065 1064 1062 1061 1059 1061 1062 1064 1056 1060 1048 1034 1057 1056 1056 1055 1058 1056 1050 1056 1057 1056 1051 1046 1040 1055 1055 1055 1052 1030 1024 1023 1035 1055 1029 1028 1046 1008 1013 999 1021 1005 964 1008 989 1025 1033 1039 1028 1011 1039 1033 1038 1026 960 955 1046 1054 1054 1043 939 834 870 838 972
1061 1062 1063 1063 1058 1059 1061 1061 1061 1061 1061 1062 1062 1062 1063 1063 1063 1063 1063 1064 1065 1064 1065 1064 1063 1062 1060 1060 1061 1062 1051 1054 1050 1007 1037 1062 1062 1057 1057 1053 1054 1055 1058 1056 1053 1053 1050 1047 1024 1042 1052 1049 1040 1023 1045 1051 1039 1021 1036 1041 1045 1038 973 1046 1026 999 1016 1044 1018 1052 946 928 1013 1023 1048 1027 1018 957 1010 1051 1055 1054 970 1004 1033 953 966 986
1061 1062 1062 1062 1062 1044 1059 1061 1061 1042 1061 1062 1062 1062 1063 1063 1063 1063 1064 1064 1064 1064 1064 1063 1063 1062 1060 1060 1061 1059 1016 1063 1053 996 1053 1060 1062 1053 1058 1060 1057 1057 1056 1053 1057 1034 1043 1055 1057 1057 1048 1025 1029 1023 1039 1049 996 1028 1029 1029 1038 788 969 984 1042 1025 1049 1048 1017 981 966 973 998 1032 1056 1056 1055 957 1029 1027 1026 994 1045 1031 981 1052 1036 932
1059 1062 1062 1062 1062 1017 1057 1055 1061 1056 1061 1062 1062 1062 1062 1064 1064 1063 1064 1065 1065 1065 1064 1063 1063 1062 1060 1060 1061 1056 1005 1061 1063 1064 1064 1056 1062 1062 1058 1055 1056 1057 1059 1057 1058 1045 1057 1057 1034 965 1040 1027 954 1042 1028 1001 1036 1036 1045 1040 1053 1005 984 883 940 1056 1055 1039 1035 953 877 984 1033 1039 1044 1023 1030 1030 1032 1009 981 997 1005 1032 1050 1050 970 859
1051 1062 1063 1062 1044 1017 1058 1061 1061 1061 1061 1062 1062 1062 1064 1064 1064 1064 1065 1044 1065 1065 1063 1063 1063 1062 1061 1059 1057 1035 1061 1061 1039 1063 1062 1063 1058 1062 1059 1056 1059 1061 1057 1060 1044 1001 973 933 1031 1038 1051 941 1016 1015 1020 968 1003 1042 1040 1017 1049 1021 1013 941 1019 1055 1049 1047 891 837 980 1011 1055 1056 1033 1027 1046 1027 1013 957 860 1022 1035 1010 1036 959 1003 1047
1023 1063 1060 1060 883 974 1029 1061 1061 1061 1061 1062 1062 1062 1063 1064 1064 1042 1024 1036 1065 1065 1063 1064 1062 1062 1060 1057 1055 1041 1061 1060 1052 1061 1056 1051 1057 1056 1060 1054 1047 1053 1053 1056 998 806 952 1048 1057 1049 994 982 976 999 1007 962 986 1040 1052 1058 1052 1045 956 968 1056 1035 1025 920 869 912 959 1047 1056 1055 1056 1051 971 944 1003 991 997 1038 950 998 960 1009 1050 1020
1005 1055 1052 1042 854 1047 1060 1063 1062 1062 1062 1062 1063 1056 1064 1063 1059 1036 897 1039 1066 1065 1065 1064 1063 1062 1060 1059 1055 1036 1057 1053 1046 1060 1061 1059 1059 1062 1062 1049 1046 1062 1055 1049 1015 1046 1059 1056 1054 1055 1043 1039 743 982 980 1029 1026 1052 1029 1035 1020 1048 935 1024 1001 1008 1028 960 993 973 977 1055 1050 1055 1041 1014 917 954 1029 1037 997 1008 907 989 998 1053 1056 1050
914 1052 1062 1005 740 1056 1064 1064 1063 1063 1063 1062 1063 1063 1064 1064 1052 1047 1017 1037 1067 1066 1066 1064 1063 1061 1060 1059 1054 1048 1060 1059 1059 1058 1042 1054 1062 1057 1062 1051 1039 1048 1054 1056 1057 1060 1060 1060 1059 1051 1052 1017 1017 1021 1039 952 1058 1049 1032 1046 1041 1012 1035 1031 1009 926 956 919 1009 940 1023 1051 1056 1056 1056 1036 887 994 1055 1051 999 966 960 976 1022 1051 1051 1057
836 1040 1032 996 811 1036 1063 1063 1063 1063 1064 1062 1063 1064 1065 1039 1061 1019 1033 1067 1057 1066 1066 1064 1063 1061 1060 1059 1059 1059 1055 1057 1059 1059 1030 1053 1061 1062 1062 1023 1055 1049 1062 1057 1050 1050 1060 1054 1059 1059 1054 1051 1059 1020 1010 1040 1007 1056 1042 1009 1051 1043 1055 1040 944 1000 811 932 984 1056 1045 1056 1056 1056 1056 909 1007 1056 1056 1029 951 948 951 1043 1006 1047 1057 1057
945 974 1007 1052 926 1062 1063 1063 1062 1063 1064 1063 1064 1065 1065 1033 1044 1041 987 1040 1065 1067 1066 1064 1063 1062 1060 1059 1058 1058 1052 1059 1059 1047 1034 1042 1054 1057 1063 1053 1049 1049 1044 1041 1003 1030 1052 1009 1052 1060 1060 1059 1054 1040 1009 1050 1058 1046 1030 956 979 1058 1048 1047 922 942 949 941 968 1057 1057 1045 1053 1044 1052 1012 1045 1056 1044 1019 1011 1010 1030 1043 1012 1057 1057 1049
1001 851 1047 1050 1038 1062 1063 1062 1062 1063 1064 1064 1064 1065 1061 1007 1066 1053 1023 1041 1067 1067 1066 1046 1063 1062 1060 1059 1058 1057 1057 1057 1057 1045 1013 1057 1056 1060 1040 1043 1051 1011 1059 1041 1059 1061 1015 977 1002 1058 1056 1060 1050 1012 965 1040 1051 1051 1015 1032 996 1047 1002 1024 979 999 1057 1011 1042 1057 1057 1034 1052 1018 925 1037 1048 1048 1036 1020 988 1056 1058 1043 1011 1058 1058 1057
966 955 993 944 1033 909 1061 1062 1021 1057 1064 1064 1064 1065 1064 1047 1041 1053 983 1050 1067 1062 1039 1044 1063 1063 1061 1060 1058 1057 1057 1057 1056 1049 1056 1058 1059 1059 1057 1051 1054 1045 1030 1058 1054 1010 902 875 930 1005 1059 1057 1047 1037 1040 1039 1046 1047 1035 991 1055 1049 1058 1038 984 1040 1026 976 1055 1022 1035 962 1016 962 995 1057 1057 1046 1022 1023 1021 1056 1054 1039 1053 1058 1058 1058
964 998 819 975 994 1040 1049 1063 845 1063 1062 1063 1063 1064 1065 1056 1059 1033 997 1066 1058 1019 1049 1049 1035 1062 1061 1060 1054 1058 1058 1057 1051 1034 1055 1058 1049 1059 1048 994 1038 1016 1050 1060 1036 1013 961 865 1021 1033 1031 1036 1022 1036 1060 1055 1036 1048 1038 1011 1058 1059 1059 1060 971 1014 1058 1058 1053 1035 999 1030 985 1010 1046 1056 1056 1057 1057 1055 1058 1057 1057 1058 1053 1055 1059 1059
1046 1041 848 918 1051 781 1001 1063 1063 991 1053 1046 1064 1065 1061 1064 1066 1046 1012 1066 1048 1035 1014 1060 1043 1063 1062 1060 1059 1056 1057 1056 1057 1006 1057 1054 1052 1058 1039 1042 1015 1004 1058 1044 1035 1004 934 950 1005 952 1020 1034 1032 1014 1032 1047 1047 1037 1043 1059 1055 1059 1059 1058 1050 1042 1038 1044 1013 1025 1016 999 1018 1009 1042 1057 1057 1041 1056 1041 1058 1059 1058 1058 1060 1059 1059 1031
1046 993 931 862 1011 985 1037 1053 1038 956 1063 1064 1064 1065 1065 1065 1066 1060 1017 1061 1045 1016 1023 1018 1036 1063 1060 1061 1059 1049 1053 1057 994 1006 1058 1057 1058 1025 1034 1032 969 1042 1053 1034 1025 951 918 1037 1036 1027 1023 1037 1017 1019 945 992 985 1037 1039 1058 1059 1059 1059 1060 1061 1060 1059 1056 1053 1045 1031 1039 1027 1044 1059 1028 1059 1059 1046 1059 1055 1060 1060 1059 1059 1051 1054 1044
1029 1016 951 969 849 591 1040 1043 931 954 1064 1063 1064 1064 1065 1062 1066 1050 1050 1051 1044 1009 1005 1036 1042 1063 1047 1061 1060 1059 1058 1055 931 1032 1057 1057 1051 1045 1047 1026 1045 1006 1014 1050 1047 946 963 1042 1043 1027 1020 1041 992 1025 982 975 967 1035 1040 1059 1059 1060 1042 1052 1060 1060 1059 1059 1053 1057 1051 1059 1029 1059 1049 1026 1060 1059 1059 1059 1036 1059 1060 1060 1060 1042 1012 1034
1062 848 1049 992 1041 740 937 1063 957 799 1033 1062 1064 1058 1058 1060 1065 1052 1053 1037 1050 958 1011 1029 1044 1054 1042 1061 1060 1059 1058 1054 1041 1057 1047 1057 1052 1057 1048 1025 1012 979 1028 1056 1023 987 1004 1034 1032 1005 959 1014 1019 1043 1043 915 991 1035 1041 1060 1057 1061 1061 1061 1060 1060 1059 1059 1048 1059 1059 1050 1050 1059 1044 1014 1060 1046 1060 1054 1045 1060 1061 1061 1061 1061 1061 1061
982 963 1039 815 983 624 795 1064 1037 930 972 1056 1064 1063 1054 1063 1064 1049 1034 1016 1045 987 982 1032 1064 1059 1051 1058 1060 1059 1058 1057 1053 1056 1057 1057 1049 1057 1058 1057 1021 944 1054 1041 1008 953 936 1005 1018 1011 1031 966 1032 995 944 915 1001 1041 1053 1060 1052 1052 1051 1060 1060 1060 1058 1056 1050 1058 1051 1036 1059 1052 1021 1006 1009 1060 1060 1026 1047 1060 1061 1060 1061 1062 1062 1061
1049 974 1042 919 978 849 1022 870 1002 975 1055 1063 1063 1062 1056 1063 1063 1033 1032 1051 1053 1030 1035 1049 1063 1062 1061 1061 1061 1056 1058 1058 1057 1056 1056 1056 1041 1057 1054 1058 1038 1018 979 1039 970 902 1028 1001 993 954 1051 1017 1033 1013 910 945 1017 990 1052 1049 1025 1047 1060 1060 1060 1060 1059 1059 1059 1057 1001 994 1059 1052 977 963 1032 1057 1023 1035 1051 1049 1060 1060 1061 1062 1062 1062
998 807 978 1034 912 1047 1066 1010 1058 893 1058 1059 1063 1063 1034 1063 1060 1041 989 1031 1037 1055 1058 1062 1060 1053 1059 1056 1061 1059 1058 1057 1057 1056 1056 1056 1022 1055 1056 1057 1009 1025 1032 1054 1015 988 1015 1057 1035 996 987 1024 1041 973 965 1007 1017 1050 1038 1031 1032 1059 1059 1061 1061 1050 1028 1059 1060 1060 1059 1058 1053 982 969 916 1059 1059 1031 1058 1041 1059 1032 1060 1060 1061 1062 1062
987 995 1001 1001 901 1041 894 947 908 925 1063 1045 1035 1062 1051 1062 1061 1051 1038 1032 1041 1040 1061 1061 1061 1061 1057 1058 1060 1059 1058 1057 1057 1057 1056 1054 1048 1052 1056 1044 1011 1017 1016 893 981 961 1027 1056 1008 987 902 936 1054 1012 897 1029 1013 1027 1049 1037 1033 1039 1038 1056 1053 1058 1056 1059 1059 1059 1058 1059 1058 1005 986 1006 1033 975 1059 1005 1040 1048 1045 1058 1034 1060 1061 1061
1035 977 966 832 1026 1066 1024 937 662 1031 1065 1042 1040 1054 1062 1048 1060 1061 1046 1038 913 1021 1060 1059 1051 1060 1058 1050 1059 1058 1057 1057 1057 1056 1055 1055 1051 1055 1050 1056 1052 1034 1028 1032 925 929 997 1033 1018 944 903 980 1041 978 973 988 1046 1058 1055 1061 1042 999 951 1018 1024 1054 1047 1059 1059 1058 1059 1057 1046 1029 994 1056 1032 1034 1059 1040 1052 1042 1037 1055 952 1059 1060 1060
869 1001 993 884 1041 1067 1012 865 985 1030 1048 1047 1057 1057 1044 1038 1059 1060 1047 1061 1010 1055 1060 1059 1059 1047 1055 1061 1060 1058 1049 1056 1056 1055 1054 1038 1028 1051 1055 1051 1011 1009 912 937 971 952 1004 1034 1012 930 903 1042 1034 860 995 921 1034 1030 1012 1047 1042 1048 983 997 981 1000 1054 1060 1060 1059 1030 1056 1028 1012 1041 1045 971 1038 1021 1036 934 987 820 491 450 1007 1060 1060
959 922 965 1055 1051 1013 878 820 1062 1066 995 1049 1026 1012 996 1057 1061 1061 1038 1037 908 1034 1058 1056 1060 1046 1059 1059 1059 1048 1051 1056 1056 1054 1054 1053 1053 1054 1038 1041 1045 1044 1012 1035 978 1010 1047 1011 976 898 975 1035 1051 972 980 931 1029 1037 940 1018 1024 1050 1044 1007 886 946 1060 1061 1060 1060 1059 1028 1041 1040 1056 1046 969 1041 1024 1023 953 766 496 479 418 775 1059 1059
970 971 1040 1037 1007 933 569 876 1050 1047 1049 987 993 1033 1043 1058 1062 1062 1059 1020 946 1013 1060 1058 1054 1055 1057 1057 1058 1058 1043 1056 1055 1054 1046 1053 1042 966 931 992 1034 1036 1026 1045 979 1008 1044 1056 995 946 964 1030 1030 975 980 858 1037 1046 996 1040 1021 1022 1033 1040 990 989 1058 1061 1061 1042 1041 1014 1059 1059 1040 1010 1005 1019 973 969 827 663 457 451 392 834 1058 1058
730 1010 1055 1059 1048 880 714 1021 1033 1052 1059 1022 1014 1054 1062 1062 1062 1062 1041 1009 1041 876 1047 1060 1057 1036 1045 1044 1058 1057 1057 1056 1054 1054 1053 936 987 1014 1015 1026 1043 1037 978 1044 1022 1048 1043 1040 868 1005 1032 1014 936 997 981 933 1043 1034 1013 952 896 1035 1010 1006 1016 1051 1042 1061 1032 1018 1020 1047 1060 999 972 1033 1060 1059 1019 815 910 705 690 588 398 1002 1058 1058
986 1026 1009 1040 1027 980 1038 704 1026 1067 1008 1016 958 1047 1061 1062 1062 1063 1060 1055 924 811 1019 1014 1056 1060 1060 1060 1057 1048 1044 1056 1052 1052 1052 960 1036 1044 1044 1047 1044 1042 999 1001 1042 1036 1044 1031 955 990 990 990 922 930 996 1034 1033 976 980 766 912 1005 986 992 1003 1041 1035 1036 1016 927 995 1028 1018 1033 948 1041 1060 1017 700 724 951 647 882 691 881 1058 1058 1057
1045 969 1020 1047 1038 905 882 983 980 1011 971 962 1001 1067 1063 1064 1060 1063 1055 1027 1028 1039 1060 1061 1054 1061 1059 1060 1057 1037 1039 1055 1053 1054 1050 1021 1047 1049 1054 1050 1047 1041 1015 1029 1055 1043 1023 1036 973 992 982 1000 922 911 1019 1019 1013 1000 969 817 931 934 846 947 1015 1050 998 989 1026 996 1032 1030 1035 944 900 1059 1055 898 636 905 1038 978 798 768 1058 1057 1056 1056
1031 1006 946 1012 996 842 939 971 1022 1050 1037 1008 1057 1066 1063 1044 1064 1064 1054 1045 820 997 1053 1061 1050 1022 1061 1054 1058 1054 1040 1050 1054 1051 1054 1015 1053 1047 1051 1052 1054 1048 947 1035 1055 1050 1049 1008 964 1016 1039 924 902 996 1042 1019 1023 891 1007 920 835 901 848 855 1055 1052 925 992 904 996 1048 989 1034 1061 1058 1059 1016 973 890 1039 984 954 686 999 1057 1057 1052 1044
1012 1010 1009 956 947 900 981 832 1017 963 910 786 1006 1068 1067 1043 1063 1065 1060 1019 934 1057 1040 1057 1061 1062 1061 1055 1059 1057 1044 1054 1056 1053 1054 1045 1050 1051 1036 1053 1054 1053 962 1013 1054 1039 1031 1031 967 996 1025 1033 853 996 1035 997 1007 1003 1016 958 980 854 896 975 1038 954 868 933 941 1043 974 992 1013 1059 1058 1051 999 787 998 1039 873 891 695 1058 1057 1057 1057 1024
1015 1057 1065 992 977 1035 657 491 935 1058 846 940 1069 1068 1067 1048 1066 1065 1065 1030 1038 1047 1057 1062 1062 1061 1061 1061 1059 1058 1057 1052 1054 1055 1054 1033 971 1023 1049 1048 1039 1049 989 1037 1055 1055 1042 1025 993 1020 994 1042 877 1024 1026 947 922 1007 1002 869 901 896 856 993 1030 850 843 810 776 1015 1051 1012 1019 984 1058 1003 934 769 1059 1011 831 961 1024 1058 1057 1052 1013 898
1059 1039 1034 1040 1015 1031 491 463 974 931 825 1022 1069 1069 1059 996 1054 1067 1033 1065 1064 1064 1052 1063 1063 1059 1062 1061 1055 1051 1057 1036 1031 1055 1048 1051 994 1050 1055 1054 1053 1053 1007 1037 1055 1050 1049 1032 1025 954 1023 975 907 1023 1058 1009 1033 1011 971 978 855 969 907 1040 993 1009 837 745 889 952 977 980 852 1024 1049 870 833 763 1059 990 834 1048 1046 1057 1057 1029 891 1046
1042 1054 1015 1064 931 948 860 946 942 869 768 1058 1057 1069 1055 946 882 1053 1053 1025 1037 1051 1061 1063 1063 1063 1062 1062 1060 1059 1058 1048 1057 1057 1047 1043 1021 1036 1048 1034 1051 1041 1024 1013 1055 1055 1055 1024 1040 983 1011 857 876 1036 1003 1024 1022 1024 964 770 967 924 833 1028 947 890 679 737 658 975 812 952 858 936 990 865 880 983 919 955 1039 1024 1034 1020 993 905 832 1021
