Input/HOURLY_GHI/2015/solar_ghi_20150101_02UT.txt
NCOLS 839
NROWS 679
XLLCORNER 112.025005
YLLCORNER -43.9750009
CELLSIZE 0.0499954
NODATA_VALUE -999
[rows 152 to 189 of 679, columns 516 to 601 of 839]
1036 1035 1010 1035 1034 1034 1034 1032 1031 1005 993 808 857 870 1029 1029 1029 939 698 872 1028 1028 1027 1011 924 1029 1028 1028 1028 1027 1027 1027 1027 1027 1030 1007 1008 1019 953 856 841 989 989 983 1026 1025 1028 983 937 979 988 988 954 893 893 847 855 752 776 865 956 916 854 763 663 498 518 561 580 561 586 525 474 480 458 476 480 540 559 649 685 645 556 468 485 556
1037 1036 1036 1035 1034 1003 1033 1032 1031 1018 1012 979 889 885 993 1030 1029 1029 942 712 1025 1028 1012 861 830 966 1028 1029 1029 1029 1028 1027 1027 1028 1028 1031 938 1016 857 756 894 985 983 983 1026 1025 1028 983 937 979 988 988 954 1005 1002 925 906 808 892 892 907 868 839 823 748 647 524 525 474 461 472 418 367 368 435 463 486 549 637 597 543 570 523 466 514 596
1036 1036 1036 1035 1020 1017 1005 943 1031 1031 1030 1030 1012 1022 1030 1030 1030 1030 1029 1020 760 523 746 736 781 791 964 1004 1029 1029 1020 1005 983 731 962 945 942 956 847 785 974 1008 1027 1024 1026 1025 1028 983 937 979 1007 988 973 952 902 924 918 726 647 718 788 983 982 994 960 772 682 668 585 478 446 440 346 305 427 429 528 552 603 610 568 557 496 462 474 562
1036 1035 1035 1035 1034 1033 974 987 1022 978 1031 1030 1028 995 1024 998 983 1027 1030 1030 1000 664 986 1024 1030 1029 1029 965 808 887 937 1021 976 611 776 889 989 830 703 929 992 1027 1026 1025 1025 1027 1027 1022 1025 1017 1022 1023 1029 968 880 872 775 692 713 865 1021 1028 1028 1028 1002 875 819 706 626 579 543 488 471 433 441 460 556 555 555 617 512 479 504 589 622 587
1034 1034 1035 1035 1034 1033 912 952 937 868 574 687 987 984 779 925 863 966 1030 1012 983 940 764 564 742 996 936 622 520 554 706 885 809 939 786 1030 1031 1022 1027 1028 1021 1028 1028 1025 1023 1019 991 1009 1029 934 879 934 1030 965 923 931 766 512 737 640 1027 1028 1028 1028 1016 826 805 733 551 560 735 588 508 443 433 450 480 505 532 543 501 568 637 680 551 583
1034 1034 1034 1033 1034 1033 1033 1019 1009 817 559 751 781 876 972 1006 903 582 758 653 757 950 884 904 973 898 681 559 690 682 632 817 967 836 991 1030 1029 1030 1030 1029 1029 1029 1029 1017 994 939 993 1007 1023 900 929 999 1029 1030 905 883 795 671 735 708 1028 1028 1028 1029 1028 932 718 507 438 628 730 773 718 557 512 527 493 535 642 608 578 609 552 537 533 653
1034 1034 1033 1033 1033 1033 1033 1032 813 687 640 543 588 449 647 858 972 1023 900 819 891 830 948 850 663 560 513 641 776 650 950 1031 1030 1032 991 1031 1030 1030 1031 1030 1030 1030 1006 968 934 1028 962 960 950 858 989 1028 1028 1028 883 764 703 790 675 724 1029 1028 1029 1028 1028 1029 667 449 390 569 852 874 700 641 606 599 544 492 537 575 524 555 691 632 739 716
1034 1034 1033 1034 1033 1033 1033 1033 1028 963 883 900 722 461 399 489 575 809 978 1003 921 742 916 934 1018 997 982 916 985 1030 1031 1031 1031 1031 996 997 1031 1030 1028 1031 1031 1008 993 1011 1029 1029 1021 996 845 991 994 989 1028 1000 905 740 635 713 773 986 1011 1029 1029 1028 1028 1028 745 589 553 526 921 815 713 577 592 614 547 484 505 521 598 517 542 522 539 610
1034 1034 971 807 1010 1022 1033 1033 1025 1032 1009 885 703 822 525 557 475 560 829 971 1017 1000 1031 1032 1031 1032 983 1031 1030 1031 1032 1033 1032 1031 970 945 883 1011 977 1031 995 993 1031 1031 1030 1028 1021 951 1024 1006 875 1021 1006 976 787 987 976 648 627 1031 871 1013 1030 936 970 975 754 639 676 557 613 587 549 520 509 522 505 501 489 603 600 531 557 614 673 604
1034 1034 988 987 1020 1008 1034 1033 1032 1032 1030 1032 1029 919 719 546 723 577 542 845 791 972 980 1010 1027 976 941 1033 1032 1031 1032 1033 1033 1032 1032 1023 941 1020 850 1027 944 957 1009 1031 1031 1030 1030 746 696 684 755 994 949 833 885 920 937 886 726 1024 749 791 1016 826 888 919 831 596 589 627 600 704 706 553 481 448 419 435 420 502 462 405 428 457 648 725
732 834 953 1016 1028 1033 1034 1033 1028 1033 1032 1031 1032 1032 1022 997 858 668 762 935 885 672 816 935 911 696 783 1031 1024 1032 1031 1033 1033 1032 1031 1031 1031 1011 1019 924 1013 878 995 1020 1031 1031 1031 816 580 542 645 681 664 873 1007 960 1004 1030 835 964 848 792 1018 966 657 690 643 572 647 642 575 685 631 548 524 507 464 474 515 505 490 509 535 542 593 709
850 799 992 997 1016 1028 1035 1033 1033 1033 1033 1032 1032 1032 1033 1034 1033 1009 1022 996 1032 1033 709 775 991 710 616 742 762 1003 895 1022 1032 1032 1031 1030 1032 1017 966 980 951 992 970 900 978 984 550 559 618 922 876 675 647 758 1032 1022 965 996 906 944 781 962 1032 855 644 616 616 719 918 645 492 527 664 647 696 549 535 566 623 517 612 675 666 593 693 708
937 1008 1033 1035 1021 1012 1032 1018 1028 1033 1034 1033 1033 1033 1034 1033 1033 1034 1013 1033 1033 1033 768 776 1019 916 633 974 743 867 851 729 1015 1030 1032 1032 1032 951 936 947 723 989 1033 959 824 866 629 570 630 978 896 919 919 798 755 832 977 995 952 1030 1028 980 979 741 671 650 792 923 982 659 458 489 826 871 581 532 595 621 578 547 737 740 690 675 670 753
886 1015 1020 998 1036 1013 798 725 936 1034 1034 1033 1032 1033 1032 1034 1034 1034 1034 1033 1033 1032 1033 888 1025 1033 1032 1033 921 853 444 591 584 585 804 1025 1019 937 889 977 783 993 975 919 829 960 799 947 821 788 833 906 947 723 803 893 808 971 940 1032 991 894 798 737 730 764 933 1021 993 722 524 529 626 922 646 643 675 511 519 625 626 663 735 722 757 859
867 1009 1007 981 968 788 737 751 843 996 1031 1026 1033 1032 1032 1033 1035 1035 1034 1034 1035 1034 1032 981 899 1016 1033 1032 1033 792 784 726 635 811 633 969 1033 946 771 938 766 968 927 996 935 911 908 662 997 1000 964 883 898 759 938 998 884 866 900 774 777 796 836 867 806 940 983 967 807 711 706 761 604 764 927 671 561 610 541 589 627 750 729 808 942 857
589 783 860 975 996 955 915 853 849 1009 1035 1034 1033 1033 1032 1033 1035 1035 1035 1034 1034 1034 1034 995 832 658 681 924 1032 1033 1033 1033 897 682 577 638 699 831 719 741 753 1026 1032 1003 1033 1015 872 783 867 818 897 866 787 952 939 868 866 1026 756 513 580 597 654 874 891 1022 976 761 743 628 613 673 609 721 713 703 622 543 608 651 663 701 711 715 783 705
1003 1030 1041 1040 1017 1029 1004 995 1036 1035 1033 1034 1033 1033 1034 1033 1036 1035 1035 1035 1034 1034 999 887 794 484 496 776 993 942 897 1022 1015 955 1016 785 511 547 774 588 699 964 1033 995 1016 987 816 876 767 991 876 988 861 848 815 806 803 871 763 540 497 473 670 874 962 1034 939 881 765 701 730 821 759 813 724 587 583 577 733 859 814 731 717 707 736 777
1044 1044 1036 1042 1041 1040 1039 1038 1037 1036 1036 1012 941 1021 1034 1014 1035 1035 1034 1035 1035 1034 936 794 481 303 426 480 552 511 602 731 1007 1033 1033 939 699 676 607 489 786 885 1012 1033 1033 963 697 937 973 1030 951 921 902 722 930 644 703 750 689 675 579 481 548 765 972 974 943 865 882 840 746 832 900 799 677 602 603 505 826 975 902 721 744 791 844 829
1045 1046 1036 1016 1043 1041 1029 1040 1028 966 839 737 901 1007 971 1007 1035 1016 1034 1035 1035 960 819 676 477 412 434 396 438 502 473 630 756 1017 821 998 1034 662 798 784 761 950 869 989 995 784 666 909 957 982 1012 994 938 671 661 623 671 604 787 845 748 605 527 708 722 858 833 790 818 780 875 851 983 957 701 617 690 648 962 964 773 596 693 921 903 811
1048 947 848 982 1031 981 942 746 945 716 734 841 910 998 1000 1031 940 840 951 961 928 937 914 797 731 595 584 526 635 583 410 582 819 1024 1029 1034 1034 776 597 986 948 718 748 706 796 866 833 659 813 799 681 810 923 1017 870 660 648 571 592 988 690 696 575 672 688 706 866 777 757 732 911 804 1030 1031 990 707 774 714 990 648 690 544 823 1017 937 902
990 684 930 888 839 838 763 695 765 878 887 803 575 586 622 727 888 770 618 848 848 882 824 850 852 808 674 544 473 426 414 554 888 1029 1034 1034 998 745 844 1002 979 1014 945 846 696 597 961 973 800 941 754 717 854 900 978 848 711 580 592 938 941 722 838 779 710 806 823 910 911 816 1015 1018 1013 1031 972 619 774 966 1030 773 625 542 757 939 913 849
858 673 804 675 562 602 460 452 505 624 505 461 466 636 538 565 930 1013 862 951 986 1036 1035 1024 991 909 660 444 352 355 452 591 863 974 781 923 966 950 1035 1035 1035 1034 1022 793 754 744 673 804 803 921 735 880 910 1018 1032 811 845 892 925 1017 1035 860 651 675 844 734 723 948 913 889 978 984 1032 1022 977 610 598 976 1015 995 923 820 960 731 817 959
830 668 565 575 503 565 598 565 458 439 503 591 618 596 620 695 1014 1034 859 929 1036 1036 1036 970 839 687 563 406 347 401 515 696 917 990 832 843 676 952 1035 1034 1035 978 1035 1025 956 748 859 911 842 972 837 917 799 984 1033 1026 1032 1032 1032 1032 878 990 665 677 815 690 850 1023 955 865 994 938 864 1032 993 840 791 909 898 980 964 834 711 721 767 1008
728 528 448 445 497 510 591 548 579 611 565 473 578 588 531 585 548 605 643 703 800 792 948 739 703 575 444 409 347 375 461 667 978 969 989 871 744 783 893 1014 1035 923 1007 916 648 1004 798 587 847 905 986 1033 986 909 820 1029 1033 1032 1032 988 911 660 591 927 769 816 1021 1031 996 890 999 656 825 1032 1014 961 783 892 981 817 706 646 549 678 972 892
588 584 566 571 619 544 441 451 614 510 454 475 515 489 497 465 478 641 690 775 499 584 751 855 683 608 501 541 446 372 403 593 825 929 974 1003 869 936 1005 993 982 1027 1026 1034 1007 1034 1034 777 778 910 971 1010 1024 915 662 1002 1033 1032 1032 895 689 701 629 828 827 808 895 1014 987 788 972 807 931 1004 997 957 912 901 941 858 844 851 790 733 835 963
727 745 696 657 662 482 479 589 520 465 574 539 479 464 568 560 501 573 606 673 682 740 682 933 886 922 834 601 512 447 392 459 534 598 612 948 976 1022 1020 1016 983 1011 1034 1034 1034 1034 1010 990 1034 995 569 735 706 529 560 1033 1033 947 979 1006 875 804 750 543 832 649 724 1029 1010 969 871 855 993 1022 972 832 1011 948 939 722 1019 1009 908 797 752 821
805 594 706 757 804 566 646 713 548 544 679 615 577 504 562 534 471 547 690 882 739 706 684 754 829 786 689 503 449 472 417 433 461 530 486 575 968 901 876 1012 1014 994 916 973 922 877 969 913 1022 522 489 761 596 723 641 1005 1033 948 795 938 946 621 832 706 884 920 894 964 948 815 812 812 920 1010 857 661 911 807 724 784 982 990 879 697 708 819
854 677 622 760 620 550 465 464 545 628 842 937 645 666 503 467 458 441 611 943 718 538 443 586 745 766 636 603 567 582 499 571 594 536 465 503 649 601 549 896 1024 1016 943 869 800 786 785 772 798 577 442 571 536 676 535 1007 1033 883 929 860 787 777 901 1003 1011 860 795 779 819 887 576 742 916 927 955 810 822 866 821 914 897 970 936 789 700 787
908 906 647 718 614 697 581 699 700 609 615 465 477 409 350 370 409 444 449 558 556 539 505 584 684 656 548 545 464 476 465 531 496 379 404 448 437 555 580 705 933 1008 960 981 988 962 952 973 915 723 500 713 717 850 650 828 1033 1033 1004 1015 1033 1032 1022 1033 1033 1022 922 861 674 786 610 762 897 931 982 947 600 835 802 869 1020 997 891 819 678 783
879 1012 824 634 781 760 839 663 487 420 460 413 284 294 335 347 396 456 444 551 548 516 581 502 572 616 476 428 396 404 418 430 401 329 345 425 514 603 728 661 805 917 824 911 953 991 1020 1027 1020 916 996 936 960 871 857 984 1032 1014 1015 907 958 1000 1020 1033 1029 1030 928 883 832 690 635 639 752 815 936 962 849 629 724 863 887 830 839 890 775 784
877 818 754 777 727 799 858 700 461 385 406 502 376 269 264 296 389 465 494 528 466 435 441 436 407 406 421 381 373 353 333 319 320 335 334 353 454 543 541 517 505 515 657 954 1035 1025 983 936 916 793 757 880 985 905 928 999 1033 1015 1012 1032 1003 1002 996 1023 965 974 862 777 781 729 855 697 644 641 797 929 844 901 844 902 879 831 803 842 892 893
901 728 658 925 820 979 969 741 454 397 406 448 438 405 340 303 407 523 487 558 460 431 432 395 351 371 385 393 372 301 310 361 377 375 356 388 447 520 490 445 419 425 420 469 470 555 484 484 548 861 923 876 877 817 958 992 998 1032 1006 1019 1033 1033 1033 958 971 1023 963 890 883 759 879 912 820 801 748 790 788 899 950 1015 1026 1009 840 962 868 900
1037 1021 813 935 805 1028 983 849 862 552 601 712 554 480 582 624 571 647 459 552 501 427 439 406 366 365 386 402 350 308 328 407 466 464 454 461 509 454 420 394 392 402 458 454 424 419 412 468 602 619 593 633 715 960 1010 1032 1016 1033 974 993 1034 1033 1033 1033 1031 636 471 612 874 867 901 855 904 850 782 894 881 909 891 1001 993 982 921 896 979 1009
946 775 587 690 911 844 829 887 751 774 707 678 813 654 678 853 823 839 583 521 562 462 458 407 341 346 385 429 414 336 347 413 438 510 489 468 468 437 399 333 329 409 469 492 434 410 416 412 448 426 428 498 749 810 784 933 961 970 1034 1013 1004 1004 1032 1034 1029 990 945 737 823 859 843 699 822 940 932 787 813 878 837 848 940 859 832 804 896 990
1023 948 678 611 580 694 887 955 822 723 681 515 612 660 693 751 918 1002 927 599 573 589 628 572 418 332 380 461 452 395 356 379 365 442 513 476 448 434 414 359 317 375 458 417 342 343 359 333 418 451 486 493 705 806 687 720 1014 853 765 824 972 1016 1020 1017 1006 1016 1032 997 910 1006 833 777 757 923 1007 925 791 888 837 777 739 756 802 764 870 910
682 614 726 575 484 529 632 652 981 952 980 969 731 716 752 579 612 706 690 572 653 697 693 687 548 486 596 798 607 495 447 425 418 490 568 513 507 574 549 436 419 370 370 447 409 397 388 300 410 468 492 567 535 691 806 837 854 798 854 646 881 978 995 1019 987 984 1014 1021 756 983 940 941 966 997 1033 933 927 936 944 971 967 908 891 833 828 858
1023 1019 978 870 460 395 412 460 716 920 831 778 864 809 835 781 599 536 662 751 672 612 607 496 475 560 650 761 593 525 563 495 472 533 547 538 551 644 628 462 482 408 348 406 433 428 514 469 583 607 499 646 619 663 744 833 912 793 826 833 657 829 991 1027 972 997 990 944 671 900 795 901 1033 1033 1034 1033 1003 1033 1033 980 940 896 816 898 977 940
1017 972 836 661 529 427 393 375 503 619 700 799 697 700 725 712 643 591 587 851 875 755 554 482 435 555 732 719 641 553 568 608 586 570 617 552 479 520 549 393 374 410 394 406 468 465 531 481 545 565 545 555 681 713 604 788 937 989 979 952 879 765 850 932 990 872 973 979 867 838 838 898 1033 1033 1034 1028 1026 1029 976 917 793 743 776 885 991 986
