Input/HOURLY_GHI/2015/solar_ghi_20150101_04UT.txt
NCOLS 839
NROWS 679
XLLCORNER 112.025005
YLLCORNER -43.9750009
CELLSIZE 0.0499954
NODATA_VALUE -999
[rows 280 to 319 of 679, columns 270 to 359 of 839]
711 683 958 1037 904 1003 1022 999 939 991 730 912 966 982 655 393 405 478 551 471 482 405 340 302 427 587 1026 1013 1016 1017 1027 1026 1031 1018 1034 1029 1008 1036 1030 1025 1033 1028 1023 990 1000 806 1008 968 980 1017 1034 1031 1027 1032 1032 1035 1035 1035 1033 1034 1030 1036 1035 1027 1000 1035 1025 998 1001 1014 1025 1027 1028 1023 1019 1024 1026 1003 1031 986 985 966 1033 1027 914 1032 1033 1000 1015 1034
517 498 806 1037 950 1027 1024 985 994 1022 1025 1011 908 793 1027 860 848 957 846 683 587 575 550 698 849 1001 1026 1026 1025 1028 1027 1025 1024 1012 1020 1021 1017 1012 1036 1007 1028 1029 1034 1018 950 1026 977 938 830 904 991 1025 1030 1028 1033 1034 1031 1020 1035 1035 1008 1036 1028 1032 988 1016 1022 1025 983 1028 1007 1024 1022 1021 1023 981 1028 1019 1008 1029 1008 962 1027 1032 1007 990 1031 1021 979 1006
807 853 743 928 1015 1005 880 980 1012 1018 1036 1028 885 1006 997 1020 977 966 569 680 643 940 856 1012 1018 1008 1006 1028 1037 1024 1016 1017 1014 1008 1025 1008 1026 1023 1019 1031 1030 1006 1027 1010 1035 1020 958 938 584 1035 1024 1024 1033 1034 1033 1033 1033 1026 1029 1024 1008 1035 1023 1024 1019 1009 867 1036 1022 1021 1018 1020 1025 1031 1029 1015 1030 1018 1025 1030 1023 1005 992 1032 1025 1007 902 1005 1032 1031
884 862 990 1022 971 953 875 1026 760 1025 1006 995 980 1023 954 974 1030 1023 972 548 674 1008 912 1005 1034 1010 920 588 904 1037 968 1016 1024 1021 1004 967 1036 975 1035 1034 1030 1026 1023 1018 899 1033 1023 981 864 980 935 1019 893 1030 1016 1032 1029 1034 1030 1027 1029 1024 1035 1011 1029 1004 981 982 988 1014 1020 1005 1035 1025 1007 1011 1007 1015 973 1013 1028 1014 992 1018 1012 1032 1008 960 1015 1021
987 957 978 824 1018 1010 934 989 977 978 929 1002 888 1040 991 838 854 925 988 509 712 942 792 869 759 1037 1006 612 735 975 1033 997 965 1023 1001 720 831 1036 955 999 1027 1030 1021 1021 996 983 1001 1007 972 1009 987 849 1034 1028 1032 1033 1034 1029 1034 1032 1029 1030 1025 1015 982 1006 965 997 1022 1008 1006 1020 1020 990 1029 1025 978 1033 1011 1023 982 1030 1002 1018 966 1020 1016 991 946 996
935 463 839 769 897 1013 1038 1015 1001 968 1009 985 801 978 1017 784 968 973 737 516 367 722 520 540 516 963 1036 541 504 857 1037 1036 994 866 849 438 536 982 923 1035 1033 1037 1022 1029 1024 1018 899 991 1018 883 990 958 1029 1023 1026 1030 1029 1033 1033 1023 1029 1027 1020 934 996 1034 966 1012 991 1030 1003 1017 980 1024 1019 1019 1028 999 1011 1021 995 1001 1023 1020 1029 967 954 1031 1013 999
691 321 692 497 580 614 593 936 783 600 1003 929 687 818 1039 1011 813 699 895 586 605 626 871 456 417 811 1019 719 342 646 838 871 1036 885 819 872 638 747 819 721 776 1031 1020 1025 1020 1022 981 971 790 996 1003 747 1035 1023 1013 1030 1033 1033 1033 1030 1028 1030 1026 972 1006 1024 1004 1002 944 1025 1005 1020 1028 1013 1028 1016 1015 1026 1026 1031 988 960 1006 965 1028 1023 992 996 1029 1030
633 451 957 867 837 968 1026 962 868 423 748 1013 925 477 956 1038 1000 872 794 739 502 819 998 590 499 884 907 1030 967 933 968 592 673 1024 750 521 726 566 479 497 870 1036 1018 1036 1011 1035 1015 955 1000 988 956 717 1023 1034 1003 1013 1026 1033 1034 1032 1033 1032 1028 1028 1030 1023 1012 1034 1001 1017 974 1006 991 1034 999 1017 1016 1019 1029 1025 1022 913 1020 960 1031 1012 931 977 978 995
637 583 1002 494 380 603 1022 825 824 944 1038 996 844 539 722 980 952 955 786 564 693 913 845 467 379 535 732 512 1038 1036 1004 584 476 853 989 589 392 263 303 339 497 990 882 1004 1030 1014 1031 1022 983 938 963 1035 993 1034 1010 1022 1029 978 1034 1029 1033 1033 1018 1033 1034 1030 1020 1021 1010 962 758 981 985 895 1034 1019 993 1019 1021 1018 1032 987 987 1022 1024 992 989 1003 1026 993
657 507 637 386 437 900 1000 615 518 724 1027 1015 984 956 703 961 1037 1018 610 444 900 994 1004 626 250 409 385 387 1033 1037 1017 622 473 669 703 1036 487 380 305 307 481 1038 980 1000 1021 1029 1032 1020 1032 994 990 995 960 989 1032 1013 1033 1028 1018 1033 1027 1034 1034 1010 1003 1031 1023 1019 1011 947 966 1029 990 1001 1024 985 1008 966 1021 1006 1009 1009 1000 1014 992 1013 1006 1010 973 997
408 502 523 464 720 914 1035 1003 988 982 950 1039 1027 974 617 461 800 955 581 374 357 865 992 981 442 225 218 377 550 882 992 864 840 386 304 533 1036 805 704 481 464 886 1037 1036 1009 912 1010 1007 1036 1018 995 981 865 1026 1030 951 979 1012 1010 1034 1034 1026 1024 1028 1024 1029 1025 1032 1027 1020 1020 1019 1017 1035 986 1020 981 1022 1027 1021 1015 1011 1006 1005 991 982 966 997 1020 1006
651 528 496 326 415 463 926 802 1015 1035 683 684 1038 1018 941 597 810 1035 744 477 393 777 933 932 544 215 212 263 468 314 580 492 351 591 472 529 1035 961 1029 982 948 884 877 1025 1022 1009 885 1033 1013 1021 1025 1016 859 1033 1031 1014 1033 1011 1024 934 1005 1022 1020 1033 1001 1024 1033 1029 1029 967 1026 1018 974 991 1021 999 1003 976 990 1025 1017 955 1011 1023 1013 1002 1019 1007 1009 1022
736 992 768 496 268 411 846 644 509 518 1037 857 997 864 1037 809 496 1013 1001 729 389 522 691 455 426 508 407 195 278 261 354 279 278 552 757 466 557 517 632 827 997 899 1033 835 1023 1017 1018 1003 1019 1017 954 1018 922 1026 1033 1023 1024 1021 1021 1023 1013 1033 993 1020 1026 976 1028 1028 1028 1023 1016 972 1026 1025 1028 1009 1025 1010 1013 1005 1024 1016 982 1022 1015 1015 988 1009 954 1026
598 654 439 453 478 449 450 458 332 420 1027 1037 987 750 880 993 1033 1011 1007 1008 980 796 432 498 305 371 298 267 354 172 209 240 277 386 613 311 293 467 295 524 948 888 941 984 1033 1034 999 995 982 1015 1021 993 1029 911 1015 1033 1031 981 1033 967 1001 1032 1029 1022 1028 1022 980 1010 1020 1029 1025 1020 966 1019 945 1011 1024 1022 1015 1023 1017 1029 1016 994 981 1011 983 947 958 1002
730 994 808 743 738 488 440 427 584 828 914 1022 1025 1000 976 785 849 1015 971 917 1035 772 481 820 459 254 426 457 378 202 186 211 213 333 452 417 274 632 681 871 987 946 745 806 648 1034 985 1016 878 1003 1033 1007 968 976 997 1004 1016 1017 1028 1006 1012 997 1033 1021 1025 1024 1017 1030 995 1027 1029 1030 939 1003 1027 1032 968 1011 1000 1004 1023 1023 986 1027 1007 997 916 1018 994 1022
567 566 647 987 610 354 448 462 653 1035 1035 1008 1009 931 934 886 1035 999 761 666 1007 920 821 799 709 395 301 229 208 216 260 283 342 412 483 435 466 821 1035 1004 1000 986 1001 959 654 1034 1032 974 492 607 769 1034 1033 983 860 1004 1022 1022 1023 955 1007 1033 1027 1026 1015 1006 989 1027 1017 995 1009 1029 1023 951 950 1020 1011 1019 1026 1019 1015 1018 959 1000 1029 992 1014 1005 1001 1001
502 473 501 853 600 493 500 818 379 849 1025 1012 983 981 996 981 1005 983 966 1015 1034 912 870 746 518 372 244 245 275 318 324 480 718 730 648 478 446 587 882 1033 1023 880 527 510 434 1033 955 1007 866 696 540 536 1007 937 1029 968 1021 1005 1027 918 972 1017 950 974 947 1022 1033 1012 1023 1032 1024 1007 1026 1022 1027 1009 1011 1031 1025 1026 987 1009 1008 838 813 1031 1010 1005 1030 1030
429 353 507 549 653 584 585 1015 779 892 864 926 1035 1022 604 892 1034 1007 1003 540 639 1024 855 745 566 285 222 336 234 350 503 568 754 897 925 581 400 639 534 818 784 376 551 952 783 987 961 966 1031 1028 746 468 982 936 1002 953 1033 1007 995 1016 1031 995 989 1028 1004 1010 1023 961 1027 1009 1010 999 1002 846 1032 1004 810 985 976 1020 1025 1005 1018 1014 1012 975 1010 977 918 936
285 372 516 629 995 491 430 992 1038 1010 902 603 825 624 940 535 882 1019 957 917 805 928 490 397 486 735 368 298 201 225 404 489 407 437 410 295 503 757 941 875 1007 551 635 1016 965 621 955 1016 871 978 1033 853 915 1032 997 968 1033 1017 1015 1013 993 1019 1015 1022 1025 1023 1022 1017 1019 999 1027 1017 1012 994 1022 1032 964 1015 1001 893 1031 977 1030 1004 1025 1025 962 992 998 985
312 658 436 477 674 458 512 478 942 1006 740 599 813 890 992 1000 985 1034 960 1017 972 917 632 520 532 833 459 285 215 222 251 427 263 189 240 242 489 710 612 562 1029 1031 1032 1011 925 477 500 1033 1032 758 765 863 712 999 769 780 939 1032 1004 1015 1009 1027 1021 1026 1017 1025 1007 1005 1013 929 1026 1024 1001 1028 1004 1021 1022 991 999 721 1019 1003 998 851 1019 1018 1004 1005 877 1018
662 1003 731 497 517 923 805 434 708 926 736 783 411 414 623 969 799 822 1026 990 999 907 779 1035 1005 896 411 212 190 212 382 375 257 187 204 276 444 757 784 358 769 603 763 990 543 676 699 769 973 850 385 549 724 397 309 467 990 899 962 1031 972 1029 1017 1005 1004 1026 1024 986 1015 1022 1008 1022 1021 1007 1029 1020 1015 1023 1007 970 1021 1011 1005 998 985 1011 1012 978 1030 1007
901 664 360 484 544 823 753 403 347 536 1014 1023 621 437 392 333 495 1021 990 957 936 942 583 858 1007 982 838 381 436 500 390 645 365 227 217 282 373 491 720 468 873 907 1032 993 609 643 846 902 889 979 918 878 874 597 408 528 783 334 820 1014 919 1031 1031 1023 1025 1027 1016 1012 1018 1013 1017 1033 1025 1013 1021 1023 1026 1028 1027 1024 1007 986 1022 1023 1022 1001 901 880 1018 1026
955 721 392 525 733 437 648 241 415 560 757 903 603 310 297 369 396 576 1020 1027 908 1035 883 984 1031 791 993 432 624 971 497 463 591 562 426 458 651 609 505 493 892 505 1032 944 658 998 816 1032 1004 812 984 918 984 887 534 786 844 502 625 737 653 1005 1031 1016 994 1022 1023 1019 1011 978 1002 1022 1020 1019 1020 1022 1029 1020 1020 1027 1021 1006 1030 1005 1025 950 1019 1017 972 939
836 898 669 633 855 468 895 323 258 392 514 774 525 406 435 516 608 574 917 936 500 1013 881 691 991 660 859 853 607 743 503 440 557 1034 466 269 466 806 642 507 878 775 674 887 919 980 727 790 998 665 995 821 899 1013 1029 1026 1012 1014 910 819 793 779 1003 1007 972 1032 1025 1027 1031 1018 1000 1017 1013 1025 1021 1024 1019 1022 1027 1018 1025 1010 1007 1011 1001 1008 1027 1016 1023 999
680 857 427 601 969 865 774 533 268 270 329 401 558 653 468 726 928 738 966 987 963 963 827 1025 873 995 944 849 768 531 654 518 549 985 427 266 371 463 675 1000 986 835 1020 772 875 967 764 837 881 1031 999 1010 1024 791 765 1030 1025 1016 939 830 730 556 533 559 773 736 700 493 1031 1032 952 1003 1030 978 974 1014 1013 1027 1014 1030 1023 1020 1023 1018 1022 980 1029 1018 1011 997
879 431 267 288 494 807 414 657 759 423 485 372 399 615 1011 821 730 875 950 975 979 887 679 995 958 975 916 926 991 755 835 654 669 500 290 367 510 646 790 804 847 788 808 634 852 562 350 392 291 877 984 936 1031 1010 927 784 1007 1002 942 748 755 497 264 229 313 406 388 254 467 940 843 545 934 946 958 1032 1026 1002 1001 1023 1022 1027 1008 1016 1011 1014 1021 1019 1018 1017
937 520 564 422 566 566 328 457 817 427 203 220 300 486 1037 1028 983 997 955 754 1010 872 1019 1023 957 917 1005 822 843 975 964 964 723 527 513 436 607 717 787 842 979 966 510 438 385 401 221 229 342 445 531 846 1018 1012 981 995 970 1002 969 919 964 779 376 247 199 338 482 561 838 983 988 812 407 361 506 742 982 1028 1032 881 1022 998 1031 1024 1018 1020 1017 1016 1017 1030
1016 766 368 282 338 450 478 945 652 491 297 253 277 504 761 956 1037 981 1002 754 912 699 662 979 1017 913 1021 770 475 442 777 1034 1000 657 926 864 558 446 628 922 1000 996 892 779 521 368 234 206 230 356 738 1017 990 1031 1016 991 1029 1004 1008 992 944 930 625 327 205 338 484 850 1016 1032 771 410 234 199 267 372 520 520 1011 846 1031 914 990 979 1009 1008 1016 984 967 913
857 820 430 317 402 501 744 954 743 562 506 601 509 561 353 634 1018 962 984 943 812 759 900 829 770 645 769 1014 731 595 673 679 706 805 918 1024 835 546 797 997 837 704 735 893 494 470 316 245 294 461 996 1031 838 993 1001 962 997 997 1007 1025 975 1001 707 525 509 554 442 551 795 1031 947 446 244 243 188 340 578 907 555 371 531 1030 1017 948 1015 1020 1002 985 1001 964
602 737 628 602 834 965 699 934 746 549 507 670 903 655 666 647 1038 992 990 991 941 945 873 512 515 801 454 478 584 714 614 886 891 565 430 654 596 769 785 887 871 463 784 851 438 258 299 443 479 588 588 1026 956 985 988 988 997 1002 662 710 883 1030 937 657 1001 920 519 550 724 974 805 469 428 235 268 430 447 528 892 626 638 965 984 764 990 1031 1005 971 997 791
648 500 581 566 1029 935 595 348 530 483 535 471 405 279 344 442 984 956 942 1004 983 980 688 381 655 962 738 417 230 374 339 453 524 560 570 1034 1026 1012 481 420 895 1017 1000 637 259 242 334 366 636 1015 879 991 598 563 820 1019 936 843 448 479 616 547 990 1028 1008 989 956 946 974 1009 957 863 739 513 657 560 366 364 685 659 479 672 973 928 601 1031 1013 741 614 489
1014 600 398 578 387 387 485 240 421 477 647 626 442 430 278 323 489 900 912 1033 992 1012 650 450 916 1031 558 580 570 608 712 778 726 797 629 482 570 556 736 1001 634 932 989 847 422 258 363 490 834 1013 1010 999 483 296 783 1015 977 961 573 578 439 351 834 818 786 794 971 1028 1018 1008 952 872 991 791 1030 940 619 527 645 231 248 462 492 916 639 1030 1027 892 402 202
1023 978 861 721 308 446 567 558 715 875 994 673 658 555 284 253 422 739 846 1040 975 1007 1020 735 472 867 622 398 457 493 793 876 1023 662 318 228 233 339 486 963 1010 590 814 832 728 540 628 682 586 1029 1028 779 414 340 561 825 990 1030 973 654 290 370 791 985 753 473 516 727 951 1007 1001 566 525 473 968 1030 733 545 733 414 485 662 410 497 498 736 1023 941 371 301
1033 1029 981 735 445 578 956 977 993 935 1038 468 315 500 542 441 467 538 557 649 1039 913 1037 875 812 797 521 236 213 287 347 461 443 535 498 223 188 241 414 555 1020 801 573 431 803 1030 976 805 419 791 958 444 317 266 400 416 385 846 975 1009 557 785 988 635 423 588 797 789 490 504 742 736 571 547 541 1030 1006 536 572 596 987 954 782 851 416 336 397 526 878 775
929 873 994 857 478 995 1020 925 664 381 936 828 493 564 589 492 591 481 554 761 819 601 1020 1036 997 994 482 282 376 481 380 332 216 285 536 365 152 193 255 298 467 490 714 931 506 1004 1014 895 946 820 657 937 475 238 459 427 328 453 571 528 654 1028 999 594 425 447 954 946 646 616 562 374 258 214 326 516 967 522 768 1029 1009 801 866 685 546 188 296 313 740 1032
1009 996 534 961 868 884 1040 997 857 643 552 586 686 1033 441 467 567 569 795 1036 599 500 744 1036 956 1024 936 623 726 866 501 499 454 556 682 399 277 241 244 255 299 242 402 666 942 841 721 839 528 889 1016 1022 698 302 324 357 339 230 427 643 489 974 550 429 863 784 773 1028 606 635 337 257 415 331 409 592 491 229 295 415 733 806 952 711 438 218 208 365 656 1031
964 947 586 706 726 510 975 1040 1025 884 377 446 486 825 489 338 614 520 693 819 1027 657 968 1033 959 1007 972 962 1013 629 1015 972 555 938 640 367 483 400 392 535 385 335 633 699 586 758 685 701 399 532 485 932 992 290 240 295 368 470 598 972 555 755 730 983 996 943 337 441 215 397 298 200 425 599 913 670 286 164 241 321 306 461 836 608 476 407 336 458 409 485
999 965 897 659 828 769 548 717 1040 1030 642 642 986 1017 915 702 864 1003 765 711 888 459 575 1038 974 996 998 612 732 697 705 957 766 648 547 481 850 397 209 266 355 268 473 680 497 458 554 755 605 764 697 453 469 331 278 686 811 873 954 720 486 476 509 689 464 554 519 307 190 210 432 386 534 883 738 413 340 345 419 337 213 307 499 784 743 742 607 483 238 274
1019 983 604 877 693 725 641 387 687 1036 1005 996 873 835 838 1042 1042 992 957 492 954 513 518 748 1037 758 579 595 1014 975 971 1019 721 988 793 800 931 529 395 234 199 201 274 324 495 952 972 991 893 556 869 415 452 491 415 600 954 1029 1008 482 439 819 677 619 380 276 281 223 266 270 469 826 946 502 500 251 338 768 713 626 508 577 626 550 245 508 450 317 238 459
1045 965 990 546 487 733 566 450 810 1028 963 1029 1008 969 501 808 1039 917 832 935 1022 749 773 558 987 1031 521 505 878 1019 951 967 872 633 864 826 941 789 480 234 234 260 217 276 468 888 1008 977 532 429 742 550 959 775 604 650 544 631 946 769 517 880 1023 966 739 537 418 317 482 570 961 1029 783 235 334 453 413 476 886 1032 995 996 977 568 401 599 293 315 500 571
