Input/HOURLY_GHI/2015/solar_ghi_20150101_00UT.txt
NCOLS 839
NROWS 679
XLLCORNER 112.025005
YLLCORNER -43.9750009
CELLSIZE 0.0499954
NODATA_VALUE -999
[rows 40 to 79 of 679, columns 546 to 636 of 839]
-999 -999 -999 -999 -999 -999 -999 -999 -999 -999 -999 -999 -999 -999 -999 -999 -999 -999 -999 -999 -999 -999 -999 -999 -999 -999 -999 -999 -999 -999 -999 -999 -999 -999 -999 -999 -999 812 812 812 734 734 734 734 734 734 734 734 510 510 510 510 637 731 731 864 893 726 737 785 818 748 674 617 450 490 723 622 721 917 932 914 845 933 928 930 930 930 930 930 930 930 930 930 930 930 930 913 913 -999 -999
-999 -999 -999 -999 -999 -999 -999 -999 -999 -999 -999 -999 -999 -999 -999 -999 -999 -999 -999 -999 -999 -999 -999 -999 -999 -999 -999 -999 -999 -999 -999 -999 -999 -999 -999 -999 -999 812 812 812 812 812 734 734 734 734 734 734 734 641 641 631 637 760 728 765 681 724 748 925 925 822 525 533 418 453 606 671 758 925 903 867 834 873 895 898 898 898 930 930 930 930 930 930 930 930 930 913 913 893 893
-999 -999 -999 -999 -999 -999 -999 -999 -999 -999 -999 -999 -999 -999 -999 -999 -999 -999 -999 -999 -999 -999 -999 -999 -999 -999 -999 -999 -999 -999 -999 -999 -999 -999 -999 -999 -999 812 812 812 812 812 812 812 734 734 734 734 734 734 809 825 621 514 517 585 600 794 895 926 926 777 628 646 418 414 570 629 596 812 848 899 886 788 793 898 898 898 898 898 930 930 930 930 913 913 913 913 913 893 893
-999 -999 -999 -999 -999 -999 -999 -999 -999 -999 -999 -999 -999 -999 -999 -999 -999 -999 -999 -999 -999 -999 -999 -999 -999 -999 -999 -999 -999 -999 -999 -999 -999 -999 -999 -999 -999 812 812 812 812 812 812 812 812 802 802 832 832 832 837 836 620 542 501 534 675 776 926 922 922 825 794 779 512 470 461 493 521 757 885 851 859 799 714 714 714 898 898 898 922 922 922 913 913 913 913 913 913 893 893
-999 -999 -999 -999 -999 -999 -999 -999 -999 -999 -999 -999 -999 -999 -999 -999 -999 -999 -999 -999 -999 -999 -999 -999 -999 -999 -999 -999 -999 -999 -999 -999 -999 -999 -999 -999 -999 812 812 812 812 812 812 812 812 812 802 802 902 902 874 801 824 796 491 476 491 674 901 913 856 790 873 844 837 689 525 546 631 739 853 835 797 793 690 690 690 690 922 922 922 922 913 913 913 913 913 913 893 893 893
-999 -999 -999 -999 -999 -999 -999 -999 -999 -999 -999 -999 -999 -999 -999 -999 -999 -999 -999 -999 -999 -999 -999 -999 -999 -999 -999 -999 -999 -999 -999 -999 -999 -999 -999 -999 -999 812 812 812 812 812 812 812 812 812 812 802 802 864 766 831 909 910 665 488 464 612 868 842 712 796 885 922 930 926 503 597 777 738 857 841 823 779 727 727 727 922 922 922 922 913 913 913 913 913 893 893 893 893 893
-999 -999 -999 -999 -999 -999 -999 -999 -999 -999 -999 -999 -999 -999 -999 -999 -999 -999 -999 -999 -999 -999 -999 -999 -999 -999 -999 -999 -999 -999 -999 -999 -999 -999 -999 -999 -999 812 812 812 812 812 812 812 812 812 812 812 744 905 823 859 885 865 709 479 447 572 734 890 912 903 915 904 931 932 520 641 853 889 884 857 872 869 862 862 770 922 922 922 913 913 913 913 913 893 893 893 893 893 893
-999 -999 -999 -999 -999 -999 -999 -999 -999 -999 -999 -999 -999 -999 -999 -999 -999 -999 -999 -999 -999 -999 -999 -999 -999 -999 -999 -999 -999 -999 -999 -999 -999 -999 -999 -999 -999 679 679 679 679 679 679 679 679 679 679 679 812 773 772 839 870 820 665 563 491 545 787 916 928 929 929 930 932 785 528 681 902 935 935 936 853 756 683 657 770 922 922 913 913 913 913 893 893 893 893 893 893 893 893
-999 -999 -999 -999 -999 -999 -999 -999 -999 -999 -999 -999 -999 -999 -999 -999 -999 -999 -999 -999 -999 -999 -999 -999 -999 -999 -999 -999 -999 -999 -999 -999 -999 -999 -999 -999 845 716 716 716 716 716 716 716 716 716 716 716 646 639 807 843 843 793 743 608 488 500 738 913 923 926 930 931 861 694 652 723 887 935 935 890 753 702 661 722 901 927 913 913 913 913 893 893 893 893 893 893 893 893 893
-999 -999 -999 -999 -999 -999 -999 -999 -999 -999 -999 -999 -999 -999 -999 -999 -999 -999 -999 -999 -999 -999 -999 -999 -999 -999 -999 -999 -999 -999 -999 -999 -999 -999 -999 915 845 716 716 716 716 716 716 716 716 716 716 716 733 798 845 866 892 795 803 794 586 562 592 688 871 931 931 909 714 774 784 762 774 900 901 792 654 610 749 898 903 941 896 896 896 893 893 893 893 893 893 893 893 893 893
-999 -999 -999 -999 -999 -999 -999 -999 -999 -999 -999 -999 -999 -999 -999 -999 -999 -999 -999 -999 -999 -999 -999 -999 -999 -999 -999 -999 -999 -999 -999 -999 -999 -999 -999 915 915 716 716 716 716 716 716 716 716 716 716 733 733 759 872 909 854 869 908 703 528 507 623 731 931 931 922 731 692 763 726 764 739 814 691 611 586 703 858 806 850 942 863 863 893 893 893 893 893 893 893 893 893 893 893
-999 -999 -999 -999 -999 -999 -999 -999 -999 -999 -999 -999 -999 -999 -999 -999 -999 -999 -999 -999 -999 -999 -999 -999 -999 -999 -999 -999 -999 -999 -999 -999 -999 -999 -999 915 915 716 716 716 716 716 716 716 716 716 733 733 759 759 872 909 877 806 812 558 557 623 754 901 840 760 687 689 771 750 753 835 759 665 578 544 663 803 781 768 931 910 762 854 893 893 893 893 893 893 893 893 893 893 893
-999 -999 -999 -999 -999 -999 -999 -999 -999 -999 -999 -999 -999 -999 -999 -999 -999 -999 -999 -999 -999 -999 -999 -999 -999 -999 -999 -999 -999 -999 -999 -999 -999 -999 -999 915 915 915 716 716 716 716 716 716 716 733 733 759 759 759 896 896 855 834 923 845 736 667 785 899 844 834 689 814 931 895 916 867 658 629 630 610 717 721 765 886 910 819 718 767 836 836 836 836 836 836 836 836 753 753 753
-999 -999 -999 -999 -999 -999 -999 -999 -999 -999 -999 -999 -999 -999 -999 -999 -999 -999 -999 -999 -999 -999 -999 -999 -999 -999 -999 -999 -999 -999 -999 -999 -999 -999 -999 915 915 915 915 915 845 845 893 893 895 883 883 883 883 883 848 896 717 830 922 925 929 905 911 899 856 792 692 887 933 845 740 689 706 701 685 778 620 630 670 788 910 896 701 745 788 788 788 788 788 788 753 753 753 753 753
-999 -999 -999 -999 -999 -999 -999 -999 -999 -999 -999 -999 -999 -999 -999 -999 -999 -999 -999 -999 -999 -999 -999 -999 -999 -999 -999 -999 -999 -999 -999 -999 -999 -999 -999 915 915 915 915 915 915 845 845 893 893 895 895 883 883 883 848 848 717 930 911 930 901 933 933 929 879 738 745 924 938 814 703 748 744 769 644 541 569 753 748 821 919 945 924 660 704 704 704 704 753 753 753 753 753 753 753
-999 -999 -999 -999 -999 -999 -999 -999 -999 -999 -999 -999 -999 -999 -999 -999 -999 -999 -999 -999 -999 -999 -999 -999 -999 -999 -999 -999 -999 -999 -999 -999 -999 -999 -999 915 915 915 915 915 915 915 845 845 893 893 895 895 895 895 865 865 813 889 854 923 933 934 934 887 830 704 854 938 939 783 721 724 660 590 474 466 558 659 763 853 945 946 851 630 704 704 753 753 753 753 753 753 753 753 753
-999 -999 -999 -999 -999 -999 -999 -999 -999 -999 -999 -999 -999 -999 -999 -999 -999 -999 -999 -999 -999 -999 -999 -999 -999 -999 -999 -999 -999 -999 -999 -999 -999 -999 -999 915 915 915 915 915 915 915 915 845 845 893 893 895 895 825 791 791 810 837 918 921 923 934 932 808 866 937 874 814 940 819 783 684 551 540 456 530 673 755 845 895 920 947 897 686 686 733 753 753 753 753 753 753 753 753 753
-999 -999 -999 -999 -999 -999 -999 -999 -999 -999 -999 -999 -999 -999 -999 -999 -999 -999 -999 -999 -999 -999 -999 -999 -999 -999 -999 -999 -999 -999 -999 -999 -999 -999 -999 915 915 915 915 915 915 915 915 915 845 845 893 893 890 865 832 847 699 829 908 901 903 901 913 890 919 938 879 876 941 880 810 673 537 483 518 691 731 851 869 896 887 882 788 877 854 733 753 753 753 753 753 753 753 753 753
-999 -999 -999 -999 -999 -999 -999 -999 -999 -999 -999 -999 -999 -999 -999 -999 -999 -999 -999 -999 -999 -999 -999 -999 -999 -999 -999 -999 -999 -999 -999 -999 -999 -999 -999 915 915 915 915 915 915 915 915 915 915 845 845 798 843 829 871 844 742 880 931 894 893 910 937 933 935 923 878 931 941 941 901 729 560 533 735 794 869 812 833 851 889 905 801 898 818 749 721 721 721 721 721 721 721 721 721
-999 -999 -999 -999 -999 -999 -999 -999 -999 -999 -999 -999 -999 -999 -999 -999 -999 -999 -999 -999 -999 -999 -999 -999 -999 -999 -999 -999 -999 -999 -999 -999 -999 -999 -999 915 915 915 915 915 915 915 915 915 915 915 850 719 725 772 889 818 867 797 848 856 873 919 937 934 939 912 880 926 913 893 914 794 625 677 799 720 699 795 909 818 892 943 855 914 784 776 794 794 794 794 794 794 794 794 794
-999 -999 -999 -999 -999 -999 -999 -999 -999 -999 -999 -999 -999 -999 -999 -999 -999 -999 -999 -999 -999 -999 -999 -999 -999 -999 -999 -999 -999 -999 -999 -999 -999 -999 825 915 915 915 915 915 915 915 915 915 915 915 886 751 731 853 906 870 882 838 741 824 899 905 938 939 939 937 913 942 885 889 824 841 671 627 622 590 646 834 859 777 832 911 951 946 813 935 932 932 932 932 932 932 932 932 932
-999 -999 -999 -999 -999 -999 -999 -999 -999 -999 -999 -999 -999 -999 -999 -999 -999 -999 -999 -999 -999 -999 -999 -999 -999 -999 -999 -999 -999 -999 -999 -999 -999 -999 825 915 915 915 915 915 915 915 915 915 728 728 728 718 744 900 911 800 783 874 737 872 926 938 939 940 940 924 933 916 894 850 860 868 848 709 567 527 589 730 764 746 794 949 951 950 898 950 950 950 950 950 950 950 950 950 950
-999 -999 -999 -999 -999 -999 -999 -999 -999 -999 -999 -999 -999 -999 -999 -999 -999 -999 -999 -999 -999 -999 -999 -999 -999 -999 -999 -999 -999 -999 -999 -999 -999 -999 825 915 915 915 915 915 915 915 730 730 730 730 730 514 755 810 815 766 842 896 818 876 924 939 932 941 941 936 940 943 940 943 943 890 900 860 622 533 567 611 730 911 868 939 884 938 912 910 951 951 951 951 951 951 894 894 894
-999 -999 -999 -999 -999 -999 -999 -999 -999 -999 -999 -999 -999 -999 -999 -999 -999 -999 -999 -999 -999 -999 -999 -999 -999 -999 -999 -999 -999 -999 -999 -999 -999 -999 825 915 915 915 915 730 730 730 730 730 730 730 730 544 683 823 730 789 752 763 850 862 911 885 905 941 942 942 942 889 944 944 921 862 768 792 701 525 524 614 759 892 892 894 918 952 920 934 952 952 952 894 894 894 894 894 904
-999 -999 -999 -999 -999 -999 -999 -999 -999 -999 -999 -999 -999 -999 -999 -999 -999 -999 -999 -999 -999 -999 -999 -999 -999 -999 -999 -999 -999 -999 -999 -999 -999 832 825 825 825 730 730 730 730 730 730 730 730 808 808 808 808 862 888 889 862 893 794 823 781 880 919 875 908 913 890 893 936 922 835 813 803 836 652 559 519 587 760 886 932 938 903 808 824 814 906 906 894 894 894 894 904 904 904
-999 -999 -999 -999 -999 -999 -999 -999 -999 -999 -999 -999 -999 -999 -999 -999 -999 -999 -999 -999 -999 -999 -999 -999 -999 -999 -999 -999 -999 -999 -999 -999 -999 832 825 825 825 825 825 825 876 876 876 876 876 684 684 684 891 927 933 905 800 700 766 783 860 867 884 840 837 825 888 944 934 830 834 796 642 588 521 503 478 571 803 894 829 808 793 813 719 927 947 894 894 894 904 904 904 904 904
-999 -999 -999 -999 -999 -999 -999 -999 -999 -999 -999 -999 -999 -999 -999 -999 -999 -999 -999 -999 -999 -999 -999 -999 -999 -999 -999 -999 -999 -999 -999 -999 -999 832 825 825 825 825 825 825 825 866 876 876 876 876 701 701 789 901 910 919 742 835 790 859 849 929 926 899 940 942 943 944 798 681 743 667 538 469 462 492 503 713 823 890 928 942 886 777 868 903 906 941 941 904 904 904 904 904 904
-999 -999 -999 -999 -999 -999 -999 -999 -999 -999 -999 -999 -999 -999 -999 -999 -999 -999 -999 -999 -999 -999 -999 -999 -999 -999 -999 -999 -999 -999 -999 -999 -999 832 825 825 825 825 825 825 825 825 866 866 876 876 876 747 820 928 935 928 911 917 897 866 859 897 937 933 923 924 848 748 707 774 796 722 546 487 477 535 534 723 903 947 951 950 933 945 948 939 821 927 904 904 904 904 904 904 904
-999 -999 -999 -999 -999 -999 -999 -999 -999 -999 -999 -999 -999 -999 -999 -999 -999 -999 -999 -999 -999 -999 -999 -999 -999 -999 -999 -999 -999 -999 -999 -999 -999 832 825 825 825 825 825 825 825 825 825 866 866 809 809 757 868 910 917 926 938 936 832 840 813 845 897 865 724 676 725 888 833 854 868 868 712 513 491 544 592 676 840 945 951 937 953 954 955 838 802 956 889 889 889 889 889 889 889
-999 -999 -999 -999 -999 -999 -999 -999 -999 -999 -999 -999 -999 -999 -999 -999 -999 -999 -999 -999 -999 -999 -999 -999 -999 -999 -999 -999 -999 -999 -999 -999 -999 832 825 825 825 825 825 825 825 825 825 825 866 866 708 707 792 868 917 936 927 859 755 888 899 851 836 769 681 654 685 899 917 793 551 666 681 575 551 560 643 675 864 951 952 903 947 954 898 836 903 956 833 833 833 833 833 833 833
-999 -999 -999 -999 -999 -999 -999 -999 -999 -999 -999 -999 -999 -999 -999 -999 -999 -999 -999 -999 -999 -999 -999 -999 -999 -999 -999 -999 -999 -999 -999 -999 -999 832 832 832 825 825 825 825 825 825 825 825 825 645 517 629 749 696 887 938 938 935 908 877 878 695 662 552 609 770 907 894 903 871 687 664 592 617 639 764 858 779 913 940 953 929 885 955 956 885 870 924 809 809 809 809 809 809 809
-999 -999 -999 -999 -999 -999 -999 -999 -999 -999 -999 -999 -999 -999 -999 -999 -999 -999 -999 -999 -999 -999 -999 -999 -999 -999 -999 -999 -999 -999 -999 -999 -999 832 832 832 832 832 832 727 727 727 727 727 727 671 481 519 831 698 810 913 925 921 834 694 621 614 584 605 880 931 910 840 914 890 939 817 558 627 768 824 940 947 942 886 835 794 891 956 957 900 687 834 809 809 809 809 809 809 809
-999 -999 -999 -999 -999 -999 -999 -999 -999 -999 -999 -999 -999 -999 -999 -999 -999 -999 -999 -999 -999 -999 -999 -999 -999 -999 -999 -999 -999 -999 -999 -999 -999 832 832 832 832 832 832 832 832 832 506 506 506 487 468 558 709 727 610 725 806 711 643 577 508 551 638 749 928 883 838 893 946 947 832 713 564 607 657 769 929 924 884 779 810 832 890 951 949 741 746 877 877 877 809 809 809 809 809
-999 -999 -999 -999 -999 -999 -999 -999 -999 -999 -999 -999 -999 -999 -999 -999 -999 -999 -999 -999 -999 -999 -999 -999 -999 -999 -999 -999 -999 -999 -999 -999 -999 832 832 832 832 832 832 832 832 832 832 608 608 497 559 754 702 754 749 587 592 586 551 551 665 719 857 945 945 926 781 855 930 751 543 662 727 625 747 696 760 935 938 862 808 877 868 845 797 699 758 794 794 794 794 794 809 809 809
-999 -999 -999 -999 -999 -999 -999 -999 -999 -999 -999 -999 -999 -999 -999 -999 -999 -999 -999 -999 -999 -999 -999 -999 -999 -999 -999 -999 -999 -999 -999 -999 -999 832 832 832 832 832 832 832 832 832 832 832 666 501 570 743 622 723 828 653 522 589 594 698 890 927 928 942 939 826 667 646 696 697 755 802 850 903 823 755 945 952 935 863 791 812 766 814 795 729 794 743 743 743 743 743 743 677 677
-999 -999 -999 -999 -999 -999 -999 -999 -999 -999 -999 -999 -999 -999 -999 -999 -999 -999 -999 -999 -999 -999 -999 -999 -999 -999 -999 -999 -999 -999 -999 -999 -999 654 654 654 654 654 654 654 654 654 654 654 644 532 470 578 731 812 886 778 647 714 696 878 916 903 883 869 842 720 640 674 767 905 827 662 657 693 751 805 901 920 756 715 644 699 686 752 782 795 809 742 742 742 677 677 677 677 677
-999 -999 -999 -999 -999 -999 -999 -999 -999 -999 -999 -999 -999 -999 -999 -999 -999 -999 -999 -999 -999 -999 -999 -999 -999 -999 -999 -999 -999 -999 -999 -999 -999 547 547 547 547 547 547 547 547 547 547 547 883 761 522 661 744 869 881 872 681 813 812 890 942 911 783 778 853 784 727 712 822 905 794 594 532 696 772 770 850 819 718 740 721 659 648 674 702 723 727 751 751 677 677 677 677 668 768
-999 -999 -999 -999 -999 -999 -999 -999 -999 -999 -999 -999 -999 -999 -999 -999 -999 -999 -999 -999 -999 -999 -999 -999 -999 -999 -999 -999 -999 -999 -999 -999 -999 526 526 526 526 526 526 526 526 526 526 526 830 885 503 586 773 878 874 930 867 835 835 904 907 901 801 713 755 675 698 719 823 869 785 611 532 713 731 749 833 823 834 759 682 596 607 657 679 695 680 671 677 677 677 668 668 768 768
-999 -999 -999 -999 -999 -999 -999 -999 -999 -999 -999 -999 -999 -999 -999 -999 -999 -999 -999 -999 -999 -999 -999 -999 -999 -999 -999 -999 -999 -999 -999 -999 -999 545 545 545 545 545 545 545 545 545 545 545 760 837 642 576 805 924 892 858 852 780 895 927 866 837 756 706 710 669 740 822 847 915 862 717 701 758 735 709 732 704 661 640 611 568 588 655 762 735 733 712 630 630 668 668 768 768 768
-999 -999 -999 -999 -999 -999 -999 -999 -999 -999 -999 -999 -999 -999 -999 -999 -999 -999 -999 -999 -999 -999 -999 -999 -999 -999 -999 -999 -999 -999 -999 -999 -999 545 545 545 545 545 545 545 545 545 545 545 902 809 784 785 896 890 758 839 794 834 878 914 887 807 694 610 657 678 796 836 861 928 922 872 818 839 661 511 545 537 557 578 648 628 594 638 745 790 741 809 696 668 668 768 768 768 768
