Input/HOURLY_GHI/2015/solar_ghi_20150101_01UT.txt
NCOLS 839
NROWS 679
XLLCORNER 112.025005
YLLCORNER -43.9750009
CELLSIZE 0.0499954
NODATA_VALUE -999
[rows 351 to 389 of 679, columns 528 to 615 of 839]
1072 1081 1068 1079 1100 1070 1057 1095 1099 1082 1076 1076 1122 1123 1088 1066 1090 1091 1084 1065 1101 1076 1122 1080 1066 1068 1073 1057 1070 1059 1075 1088 1064 1036 1044 1091 1046 1090 1089 1092 1092 1057 1070 1075 1079 1084 1071 1089 1080 1083 1089 1090 1080 1090 1085 1091 1092 1094 1069 1094 1066 1063 1089 1086 1086 1085 1085 1085 1085 1085 1083 1084 1079 1085 1089 1083 1081 1069 1085 1084 1086 1080 1083 1081 1081 1080 1077 1077
1125 1072 1069 1097 1095 1081 1070 1084 1113 1102 1089 1080 1074 1113 1104 1066 1094 1083 1083 1061 1079 1074 1067 1069 1076 1083 1079 1076 1084 1066 1083 1057 1102 1065 1023 1086 1091 1037 1020 1058 1089 1073 1065 1062 1069 1093 1063 1081 1090 1070 1086 1090 1041 1067 1090 1052 1075 1078 1092 1091 1093 1082 1068 1073 1084 1084 1084 1085 1082 1084 1083 1086 1084 1082 1087 1090 1082 1087 1086 1081 1086 1085 1083 1079 1081 1080 1081 1060
1095 1126 1067 1078 1086 1082 1077 1098 1113 1107 1114 1103 1109 1106 1062 1069 1088 1082 1078 1058 1052 1076 1066 1076 1073 1091 1107 1068 1095 1076 1091 1053 1092 1102 1035 1011 1031 1090 1058 1092 1061 1094 1089 1092 1080 1092 1074 1082 1085 1089 1090 1084 1079 1069 1082 1084 1084 1079 1086 1084 1090 1092 1063 1069 1066 1072 1080 1085 1085 1084 1085 1085 1083 1082 1083 1090 1089 1087 1088 1065 1075 1084 1084 1083 1075 1075 1080 1081
1066 1125 1101 1094 1085 1091 1118 1121 1103 1089 1111 1100 1076 1124 1080 1084 1080 1079 1079 1058 1070 1074 1118 1077 1060 1073 1084 1087 1071 1070 1088 1075 1060 1072 1081 1098 1091 1087 1089 1087 1090 1083 1088 1093 1091 1087 1078 1085 1089 1075 1083 1085 1085 1078 1088 1089 1089 1089 1089 1073 1083 1090 1082 1066 1081 1074 1077 1073 1085 1061 1082 1082 1082 1084 1081 1081 1089 1089 1089 1088 1077 1062 1069 1082 1083 1084 1084 1063
1059 1090 1086 1121 1085 1086 1090 1098 1106 1104 1086 1128 1087 1091 1079 1080 1103 1080 1092 1066 1061 1060 1074 1072 1074 1060 1083 1098 1084 1082 1100 1073 1077 1056 1089 1043 1043 1030 1014 1084 1087 1093 1092 1085 1068 1076 1081 1066 1072 1084 1065 1077 1080 1077 1088 1080 1089 1083 1089 1090 1087 1082 1087 1088 1091 1090 1089 1088 1074 1071 1082 1082 1083 1086 1089 1078 1088 1086 1088 1089 1089 1082 1085 1083 1083 1083 1083 1083
1049 1075 1064 1078 1078 1070 1074 1095 1093 1109 1084 1085 1090 1077 1085 1082 1086 1074 1067 1049 1060 1067 1065 1066 1083 1085 1064 1078 1066 1080 1084 1070 1085 1072 1083 1072 1095 1090 1058 1061 1052 1067 1079 1071 1066 1077 1075 1078 1076 1086 1073 1081 1079 1068 1090 1076 1087 1074 1079 1066 1066 1072 1059 1073 1088 1063 1087 1086 1086 1067 1086 1066 1080 1084 1089 1090 1087 1090 1089 1088 1088 1088 1085 1084 1078 1080 1082 1082
1092 1073 1106 1083 1069 1065 1082 1097 1092 1093 1088 1095 1081 1079 1082 1079 1086 1060 1050 1070 1059 1063 1073 1071 1079 1078 1064 1070 1062 1065 1080 1079 1078 1070 1056 1064 1063 1059 1083 1091 1093 1091 1078 1086 1095 1080 1075 1074 1080 1089 1090 1089 1083 1087 1081 1086 1082 1089 1083 1076 1075 1085 1075 1080 1088 1072 1083 1084 1083 1087 1087 1087 1087 1088 1088 1088 1088 1089 1088 1087 1088 1088 1076 1082 1084 1082 1083 1083
1080 1053 1079 1097 1106 1075 1075 1083 1089 1095 1079 1091 1073 1092 1082 1080 1081 1053 1051 1084 1080 1054 1048 1057 1072 1074 1077 1066 1051 1058 1081 1056 1047 1075 1074 1074 1085 1087 1066 1077 1066 1094 1072 1062 1093 1067 1077 1075 1075 1079 1072 1080 1088 1076 1084 1082 1064 1089 1082 1088 1070 1078 1088 1087 1088 1090 1054 1080 1085 1087 1087 1088 1082 1080 1085 1089 1077 1085 1089 1088 1088 1087 1082 1085 1085 1084 1084 1070
1070 1069 1084 1101 1092 1124 1078 1078 1127 1113 1081 1085 1096 1093 1073 1086 1100 1066 1051 1122 1066 1072 1054 1057 1058 1076 1091 1075 1070 1058 1081 1061 1062 1068 1078 1082 1088 1083 1073 1075 1058 1066 1060 1058 1069 1071 1077 1090 1083 1074 1084 1091 1087 1074 1078 1091 1067 1072 1079 1089 1073 1079 1088 1089 1088 1090 1043 1067 1076 1072 1073 1084 1089 1089 1083 1089 1091 1080 1090 1089 1088 1086 1087 1081 1082 1085 1076 1084
1073 1073 1073 1103 1073 1079 1087 1067 1130 1065 1078 1114 1076 1076 1074 1078 1065 1063 1058 1065 1077 1083 1066 1048 1055 1075 1077 1079 1078 1066 1079 1077 1067 1069 1063 1056 1087 1076 1080 1066 1060 1052 1046 1045 1069 1067 1080 1086 1075 1078 1089 1086 1075 1091 1090 1090 1087 1055 1058 1083 1077 1082 1090 1080 1083 1090 1062 1072 1089 1090 1090 1083 1088 1088 1088 1086 1088 1087 1087 1088 1088 1087 1087 1076 1086 1084 1080 1084
1068 1083 1051 1099 1125 1099 1091 1063 1107 1079 1066 1065 1069 1083 1091 1069 1077 1092 1059 1075 1076 1097 1066 1070 1072 1075 1078 1074 1081 1083 1075 1065 1072 1081 1078 1074 1080 1069 1093 1087 1076 1081 1054 1049 1066 1091 1068 1074 1088 1076 1088 1090 1079 1082 1075 1085 1084 1073 1090 1083 1083 1073 1073 1089 1080 1075 1084 1089 1079 1088 1088 1089 1080 1088 1085 1078 1088 1087 1087 1079 1088 1088 1088 1087 1086 1086 1085 1084
1071 1075 1085 1046 1095 1075 1105 1076 1131 1070 1070 1075 1076 1073 1076 1085 1062 1099 1062 1055 1087 1085 1077 1074 1060 1060 1073 1079 1064 1080 1078 1074 1067 1086 1074 1072 1062 1083 1070 1082 1093 1054 1081 1050 1051 1090 1066 1079 1090 1079 1071 1086 1090 1069 1088 1078 1078 1088 1084 1085 1083 1083 1088 1074 1089 1085 1088 1080 1075 1074 1088 1089 1079 1062 1085 1088 1087 1087 1088 1087 1084 1089 1090 1069 1087 1081 1082 1083
1067 1072 1079 1064 1075 1068 1119 1074 1102 1068 1079 1086 1073 1065 1060 1075 1085 1080 1092 1079 1076 1081 1064 1082 1083 1069 1091 1076 1063 1067 1087 1082 1051 1060 1081 1084 1068 1077 1066 1093 1078 1070 1074 1069 1068 1067 1076 1061 1089 1065 1070 1083 1089 1075 1081 1072 1074 1075 1083 1089 1076 1083 1081 1083 1079 1088 1082 1074 1075 1077 1088 1090 1078 1067 1085 1085 1086 1085 1079 1087 1087 1087 1089 1090 1088 1088 1078 1076
1067 1057 1071 1062 1085 1081 1065 1093 1090 1078 1094 1078 1074 1076 1083 1097 1072 1082 1074 1069 1088 1077 1077 1068 1073 1061 1072 1076 1076 1068 1070 1078 1086 1071 1073 1084 1093 1091 1078 1090 1084 1088 1070 1060 1067 1064 1075 1078 1078 1083 1086 1079 1089 1080 1080 1084 1075 1077 1088 1080 1081 1089 1082 1089 1082 1088 1085 1088 1081 1091 1058 1086 1087 1089 1085 1086 1088 1085 1086 1088 1087 1087 1083 1084 1089 1089 1085 1082
1071 1054 1057 1071 1063 1101 1066 1069 1071 1083 1079 1079 1054 1077 1083 1082 1076 1052 1072 1083 1079 1065 1074 1066 1065 1062 1078 1066 1080 1072 1066 1079 1077 1086 1058 1078 1071 1088 1079 1069 1089 1082 1084 1079 1084 1063 1080 1080 1058 1082 1086 1067 1089 1079 1081 1081 1080 1070 1083 1063 1076 1075 1081 1082 1075 1075 1086 1088 1077 1089 1092 1088 1084 1089 1088 1088 1087 1090 1087 1083 1088 1084 1088 1088 1086 1090 1071 1086
1081 1080 1064 1081 1061 1090 1088 1070 1052 1063 1067 1081 1037 1057 1078 1077 1079 1062 1104 1102 1085 1082 1069 1091 1068 1053 1074 1070 1083 1062 1061 1070 1080 1086 1081 1083 1074 1090 1089 1088 1090 1083 1084 1078 1076 1078 1071 1063 1070 1081 1081 1086 1083 1077 1085 1081 1081 1087 1089 1076 1077 1070 1074 1083 1089 1089 1089 1085 1087 1078 1087 1090 1090 1072 1081 1090 1082 1089 1089 1087 1089 1083 1088 1086 1088 1088 1084 1090
1066 1074 1082 1072 1058 1063 1078 1072 1061 1067 1069 1061 1067 1076 1066 1074 1068 1058 1026 1075 1074 1083 1075 1081 1067 1066 1068 1051 1065 1055 1072 1077 1071 1053 1059 1064 1080 1083 1069 1078 1074 1083 1088 1080 1088 1089 1075 1071 1074 1071 1085 1081 1079 1075 1063 1087 1081 1090 1075 1089 1068 1074 1067 1085 1081 1085 1089 1086 1086 1088 1073 1062 1075 1089 1083 1074 1073 1075 1084 1089 1083 1083 1074 1088 1087 1088 1088 1086
1072 1080 1073 1080 1074 1075 1073 1077 1078 1058 1084 1080 1074 1080 1078 1066 1074 1079 1075 1072 1063 1072 1075 1093 1076 1066 1062 1058 1065 1062 1070 1084 1061 1065 1061 1066 1074 1086 1079 1071 1074 1074 1074 1087 1085 1076 1067 1078 1080 1075 1071 1081 1081 1073 1062 1080 1086 1065 1075 1083 1086 1076 1070 1084 1077 1080 1086 1085 1073 1087 1087 1090 1068 1063 1082 1091 1086 1088 1090 1085 1083 1090 1079 1089 1076 1088 1089 1087
1073 1074 1094 1066 1082 1082 1083 1064 1053 1062 1102 1075 1078 1079 1074 1087 1084 1072 1074 1070 1081 1041 1063 1082 1055 1074 1067 1063 1052 1055 1082 1087 1070 1040 1069 1056 1073 1078 1092 1057 1068 1081 1067 1070 1073 1081 1075 1069 1070 1078 1087 1055 1077 1075 1079 1073 1088 1069 1068 1090 1078 1077 1068 1085 1078 1079 1086 1077 1078 1088 1085 1085 1081 1085 1085 1083 1090 1070 1089 1090 1086 1086 1081 1084 1085 1080 1075 1084
1089 1067 1079 1081 1072 1089 1075 1103 1106 1069 1084 1095 1085 1071 1065 1071 1063 1059 1067 1060 1067 1081 1068 1086 1069 1065 1072 1077 1049 1058 1074 1083 1068 1049 1062 1083 1090 1068 1087 1071 1068 1088 1083 1073 1078 1068 1071 1079 1068 1072 1090 1060 1080 1076 1079 1080 1082 1069 1059 1087 1077 1081 1081 1078 1083 1076 1081 1077 1066 1080 1079 1087 1084 1063 1078 1080 1072 1075 1088 1089 1081 1087 1065 1079 1090 1072 1078 1060
1050 1056 1051 1060 1071 1108 1072 1083 1107 1093 1088 1083 1085 1084 1069 1073 1059 1060 1068 1067 1057 1063 1067 1060 1073 1078 1073 1068 1060 1045 1050 1084 1059 1058 1080 1079 1084 1074 1078 1078 1063 1087 1075 1083 1083 1074 1088 1076 1085 1072 1078 1086 1075 1074 1071 1081 1075 1085 1048 1089 1090 1073 1079 1085 1088 1089 1082 1076 1085 1086 1075 1084 1088 1089 1075 1084 1065 1074 1071 1067 1069 1070 1077 1086 1087 1088 1076 1075
1076 1054 1065 1094 1085 1081 1074 1063 1104 1090 1074 1092 1069 1085 1080 1077 1078 1102 1061 1062 1062 1061 1070 1058 1056 1088 1064 1073 1052 1057 1043 1075 1075 1042 1076 1077 1073 1083 1074 1077 1068 1074 1078 1083 1080 1081 1076 1085 1074 1087 1079 1083 1083 1059 1070 1075 1091 1064 1068 1077 1082 1084 1088 1077 1088 1086 1077 1069 1088 1069 1079 1077 1072 1066 1077 1089 1067 1066 1077 1089 1089 1080 1084 1061 1072 1089 1083 1063
1071 1056 1054 1069 1069 1079 1065 1055 1098 1108 1064 1103 1097 1065 1079 1076 1072 1078 1083 1098 1073 1064 1080 1080 1067 1084 1079 1053 1057 1051 1046 1076 1085 1059 1075 1074 1088 1074 1072 1074 1076 1079 1082 1080 1082 1071 1082 1085 1082 1089 1061 1075 1089 1082 1089 1074 1090 1074 1049 1088 1090 1066 1070 1084 1084 1084 1089 1081 1086 1061 1087 1085 1082 1067 1087 1091 1067 1063 1060 1085 1033 1079 1089 1053 1088 1066 1094 1094
1056 1076 1066 1067 1076 1083 1081 1063 1097 1097 1066 1065 1065 1062 1071 1061 1065 1067 1063 1070 1081 1060 1059 1083 1069 1079 1039 1053 1054 1088 1032 1058 1067 1057 1068 1078 1075 1073 1072 1071 1074 1073 1085 1072 1074 1077 1083 1081 1089 1086 1072 1058 1060 1050 1079 1072 1087 1070 1073 1083 1089 1071 1084 1080 1085 1084 1085 1087 1082 1075 1084 1083 1087 1078 1078 1091 1090 1089 1083 1089 1089 1061 1087 1072 1084 1081 1084 1080
1066 1078 1076 1094 1100 1078 1066 1070 1097 1080 1093 1053 1062 1057 1062 1068 1071 1074 1065 1071 1077 1065 1071 1093 1074 1093 1096 1060 1077 1077 1075 1073 1075 1057 1065 1069 1062 1068 1064 1069 1078 1077 1085 1085 1090 1089 1067 1072 1085 1074 1084 1089 1086 1073 1072 1078 1080 1085 1078 1078 1083 1078 1073 1080 1087 1088 1076 1078 1075 1072 1082 1077 1080 1079 1087 1085 1087 1077 1074 1089 1070 1087 1062 1069 1088 1091 1092 1088
1074 1055 1056 1079 1094 1071 1096 1061 1089 1082 1098 1059 1070 1061 1056 1086 1071 1072 1074 1064 1074 1051 1065 1053 1062 1073 1094 1096 1050 1035 1023 1065 1076 1069 1070 1071 1058 1071 1067 1062 1061 1075 1086 1074 1082 1090 1072 1074 1079 1076 1076 1065 1087 1087 1089 1066 1078 1089 1070 1088 1066 1072 1078 1076 1073 1085 1069 1081 1073 1075 1086 1077 1087 1080 1086 1089 1049 1054 1079 1076 1033 1073 1080 1090 1066 1089 1083 1092
1059 1057 1064 1072 1076 1075 1090 1082 1069 1079 1092 1065 1063 1077 1091 1082 1073 1063 1068 1075 1067 1067 1068 1042 1055 1057 1068 1080 1073 1082 1013 1022 1062 1063 1074 1052 1058 1074 1061 1071 1060 1060 1069 1078 1072 1087 1079 1090 1090 1064 1063 1076 1085 1076 1078 1089 1061 1068 1060 1067 1088 1077 1088 1076 1069 1064 1081 1076 1084 1088 1074 1078 1083 1071 1085 1088 1092 1077 1093 1096 1052 964 1053 1086 1079 1089 1093 1091
1096 1070 1074 1070 1073 1063 1076 1082 1072 1071 1075 1087 1063 1074 1075 1084 1064 1076 1063 1068 1066 1066 1054 1071 1060 1063 1075 1081 1065 1049 1044 1036 1058 1060 1051 1057 1055 1061 1067 1056 1071 1070 1075 1063 1062 1089 1074 1090 1085 1078 1069 1081 1078 1069 1067 1072 1065 1073 1084 1084 1071 1087 1087 1078 1082 1078 1087 1087 1084 1086 1071 1076 1085 1084 1075 1085 1087 1083 1088 1059 1048 1047 1026 1061 1081 1042 1071 1062
1086 1063 1077 1070 1081 1078 1072 1065 1056 1069 1074 1084 1084 1069 1083 1084 1091 1056 1058 1073 1063 1047 1061 1066 1066 1063 1064 1088 1095 1053 1061 1052 1090 1077 1048 1052 1059 1065 1059 1061 1065 1064 1060 1064 1078 1088 1088 1089 1071 1081 1085 1085 1088 1088 1089 1073 1079 1079 1088 1058 1070 1069 1087 1089 1081 1083 1072 1062 1088 1082 1067 1075 1069 1062 1070 1063 1076 1088 1092 1048 1060 1081 1027 1050 1072 1093 1063 1080
1054 1072 1077 1077 1068 1089 1073 1066 1068 1084 1075 1075 1074 1082 1070 1083 1085 1085 1071 1082 1063 1051 1062 1049 1041 1049 1053 1069 1093 1059 1083 1040 1072 1093 1070 1052 1061 1060 1063 1068 1066 1068 1055 1068 1041 1081 1087 1088 1076 1088 1081 1087 1088 1084 1089 1071 1084 1087 1087 1085 1082 1078 1063 1087 1087 1088 1087 1068 1088 1088 1087 1087 1077 1067 1077 1083 1084 1080 1090 1094 1063 1065 1047 1092 1059 1091 1092 1092
1056 1074 1088 1065 1055 1078 1074 1053 1057 1079 1081 1076 1082 1073 1078 1076 1076 1085 1086 1088 1091 1052 1034 1051 1063 1053 997 1036 1087 1092 1043 1055 1078 1067 1056 1059 1056 1068 1054 1073 1072 1059 1059 1074 1069 1061 1087 1081 1065 1063 1074 1069 1087 1082 1088 1088 1088 1087 1078 1087 1087 1072 1063 1065 1087 1087 1087 1078 1088 1082 1085 1086 1087 1086 1085 1072 1076 1073 1085 1092 1075 1056 1088 1075 1076 1078 1063 1093
1061 1068 1086 1078 1071 1077 1071 1069 1071 1053 1060 1065 1072 1075 1081 1072 1073 1075 1082 1084 1085 1079 1061 1069 1062 1071 1072 1036 1053 1087 1073 1089 1071 1056 1085 1092 1065 1071 1063 1041 1068 1076 1070 1087 1075 1073 1080 1087 1076 1073 1085 1084 1088 1084 1076 1079 1084 1066 1072 1066 1055 1071 1057 1063 1049 1087 1087 1087 1086 1087 1067 1066 1087 1079 1087 1086 1086 1080 1085 1085 1068 1054 1079 1066 1086 1068 1071 1061
1066 1068 1066 1062 1073 1081 1079 1070 1082 1071 1067 1074 1080 1082 1081 1073 1063 1072 1082 1081 1086 1079 1056 1072 1085 1059 1069 1081 1015 1034 1089 1089 1091 1082 1068 1089 1069 1068 1087 1076 1069 1086 1054 1073 1085 1077 1067 1089 1063 1073 1087 1080 1078 1080 1084 1070 1075 1079 1084 1063 1069 1076 1075 1066 1068 1051 1086 1084 1088 1063 1068 1058 1057 1076 1063 1064 1087 1087 1088 1089 1091 1094 1059 1088 1094 1076 1093 1095
1066 1064 1082 1063 1068 1083 1062 1047 1071 1083 1067 1075 1079 1082 1084 1067 1057 1080 1082 1083 1074 1086 1064 1052 1075 1077 1075 1081 1076 1019 1042 1060 1050 1053 1061 1075 1090 1091 1087 1078 1055 1086 1086 1058 1063 1077 1086 1087 1063 1088 1065 1066 1070 1087 1084 1084 1066 1076 1080 1086 1083 1082 1073 1083 1066 1055 1075 1088 1070 1064 1089 1088 1075 1080 1078 1064 1065 1076 1065 1089 1091 1092 1093 1093 1092 1090 1060 1092
1070 1064 1070 1068 1060 1082 1064 1068 1072 1082 1065 1077 1079 1072 1080 1072 1071 1077 1080 1071 1072 1073 1064 1071 1056 1062 1080 1065 1081 1054 1045 1063 1046 1057 1063 1077 1080 1066 1063 1078 1056 1050 1080 1082 1056 1054 1083 1074 1079 1088 1081 1086 1075 1076 1083 1076 1077 1082 1053 1080 1086 1078 1066 1077 1081 1063 1069 1071 1089 1081 1061 1065 1072 1075 1075 1086 1089 1089 1084 1074 1063 1065 1082 1088 1094 1073 1061 1076
1066 1069 1078 1077 1062 1073 1068 1080 1060 1062 1057 1057 1081 1082 1078 1074 1070 1066 1082 1076 1064 1077 1075 1078 1068 1063 1053 1088 1069 1048 1068 1062 1038 1052 1059 1063 1065 1058 1067 1053 1064 1063 1056 1087 1071 1061 1055 1078 1059 1075 1072 1071 1079 1086 1080 1070 1078 1086 1082 1075 1073 1082 1079 1080 1087 1064 1055 1053 1079 1088 1064 1083 1088 1073 1070 1087 1079 1086 1084 1071 1092 1092 1091 1088 1096 1097 1097 1082
1079 1069 1073 1083 1057 1058 1058 1082 1080 1067 1065 1082 1058 1064 1064 1057 1074 1055 1075 1068 1068 1061 1071 1085 1074 1069 1053 1088 1086 1050 1055 1059 1056 1052 1068 1068 1076 1044 1058 1042 1030 1055 1056 1051 1064 1073 1059 1072 1062 1062 1083 1072 1069 1088 1088 1069 1086 1080 1087 1077 1080 1083 1088 1088 1084 1088 1067 1069 1068 1083 1085 1077 1082 1090 1061 1059 1072 1076 1083 1056 1071 1086 1091 1091 1094 1096 1099 1100
1074 1073 1069 1082 1069 1064 1050 1064 1060 1065 1069 1079 1078 1081 1065 1077 1075 1073 1061 1060 1083 1078 1073 1077 1072 1064 1075 1069 1079 1088 1054 1070 1075 1044 1081 1044 1068 1053 1048 1055 1053 1062 1065 1059 1088 1090 1074 1080 1080 1065 1081 1082 1069 1077 1084 1075 1074 1075 1079 1081 1086 1089 1066 1074 1084 1092 1083 1077 1068 1083 1082 1081 1075 1084 1078 1069 1077 1084 1075 1081 1067 1075 1089 1088 1094 1096 1099 1101
1073 1076 1069 1082 1076 1080 1068 1059 1058 1068 1077 1070 1082 1074 1072 1070 1070 1081 1058 1073 1083 1075 1084 1069 1068 1077 1077 1058 1079 1089 1090 1052 1063 1055 1063 1053 1048 1063 1055 1057 1052 1056 1082 1079 1081 1063 1076 1075 1082 1079 1077 1070 1079 1070 1074 1074 1082 1079 1087 1081 1088 1089 1090 1062 1078 1083 1090 1087 1085 1090 1071 1089 1084 1074 1076 1090 1085 1071 1075 1065 1082 1082 1073 1082 1094 1094 1098 1101
