Input/HOURLY_GHI/2015/solar_ghi_20150101_00UT.txt
NCOLS 839
NROWS 679
XLLCORNER 112.025005
YLLCORNER -43.9750009
CELLSIZE 0.0499954
NODATA_VALUE -999
[rows 40 to 79 of 679, columns 455 to 545 of 839]
470 716 378 378 378 378 378 682 666 666 666 666 757 840 845 413 413 411 483 433 433 433 433 735 375 375 375 375 375 464 464 490 490 498 537 537 466 466 466 517 517 517 540 540 540 540 540 508 508 508 508 508 508 -999 -999 -999 -999 -999 -999 -999 -999 -999 -999 -999 -999 -999 -999 -999 -999 -999 -999 -999 -999 -999 -999 -999 -999 -999 -999 -999 -999 -999 -999 -999 -999 -999 -999 -999 -999 -999 -999
716 716 378 378 378 418 418 682 682 666 666 666 757 840 845 866 830 830 844 433 433 433 735 735 735 375 375 375 375 464 464 439 437 472 506 466 466 466 517 517 517 517 540 540 540 540 508 508 508 508 508 508 508 -999 -999 -999 -999 -999 -999 -999 -999 -999 -999 -999 -999 -999 -999 -999 -999 -999 -999 -999 -999 -999 -999 -999 -999 -999 -999 -999 -999 -999 -999 -999 -999 -999 -999 -999 -999 -999 -999
545 430 378 418 418 418 365 757 682 682 666 666 757 840 845 866 857 843 844 844 672 735 735 735 735 375 375 375 432 432 395 250 367 444 476 458 458 458 517 517 517 540 540 540 540 508 508 508 508 508 508 508 508 -999 -999 -999 -999 -999 -999 -999 -999 -999 -999 -999 -999 -999 -999 -999 -999 -999 -999 -999 -999 -999 -999 -999 -999 -999 -999 -999 -999 -999 -999 -999 -999 -999 -999 -999 -999 -999 -999
507 466 493 418 418 365 616 614 757 682 682 669 787 861 864 853 845 843 843 672 672 735 735 735 735 550 550 305 305 305 218 160 261 363 410 413 413 421 517 517 517 540 540 540 508 508 508 508 508 508 508 508 508 -999 -999 -999 -999 -999 -999 -999 -999 -999 -999 -999 -999 -999 -999 -999 -999 -999 -999 -999 -999 -999 -999 -999 -999 -999 -999 -999 -999 -999 -999 -999 -999 -999 -999 -999 -999 -999 -999
670 527 505 404 365 365 616 614 757 757 682 792 821 863 865 840 856 866 866 672 672 701 676 676 550 550 550 305 305 305 218 160 277 315 354 386 421 421 517 517 514 540 540 508 508 508 508 508 508 508 508 508 508 -999 -999 -999 -999 -999 -999 -999 -999 -999 -999 -999 -999 -999 -999 -999 -999 -999 -999 -999 -999 -999 -999 -999 -999 -999 -999 -999 -999 -999 -999 -999 -999 -999 -999 -999 -999 -999 -999
522 537 467 369 448 607 616 614 614 820 822 862 862 863 847 763 824 845 869 505 441 620 776 814 550 550 550 305 305 305 484 365 365 332 349 377 471 517 517 494 523 477 508 508 508 508 508 508 508 508 508 508 508 -999 -999 -999 -999 -999 -999 -999 -999 -999 -999 -999 -999 -999 -999 -999 -999 -999 -999 -999 -999 -999 -999 -999 -999 -999 -999 -999 -999 -999 -999 -999 -999 -999 -999 -999 -999 -999 -999
540 424 395 401 639 823 784 753 835 818 831 863 863 840 832 753 720 735 838 502 416 613 603 579 550 550 550 576 456 484 484 484 438 390 425 451 525 592 586 570 552 519 552 552 552 552 552 552 552 552 552 552 552 -999 -999 -999 -999 -999 -999 -999 -999 -999 -999 -999 -999 -999 -999 -999 -999 -999 -999 -999 -999 -999 -999 -999 -999 -999 -999 -999 -999 -999 -999 -999 -999 -999 -999 -999 -999 -999 -999
447 348 439 512 775 848 808 828 845 776 803 829 834 834 854 814 865 859 826 443 472 588 591 591 591 591 735 576 524 456 453 453 440 457 465 475 553 612 584 655 703 602 552 552 552 552 552 552 552 552 552 552 552 -999 -999 -999 -999 -999 -999 -999 -999 -999 -999 -999 -999 -999 -999 -999 -999 -999 -999 -999 -999 -999 -999 -999 -999 -999 -999 -999 -999 -999 -999 -999 -999 -999 -999 -999 -999 -999 -999
403 403 454 582 767 857 857 854 764 708 784 855 845 864 866 867 868 844 469 415 659 771 697 721 721 622 735 576 524 456 456 478 482 479 468 495 547 589 595 653 679 602 602 552 552 552 552 552 552 552 552 552 552 -999 -999 -999 -999 -999 -999 -999 -999 -999 -999 -999 -999 -999 -999 -999 -999 -999 -999 -999 -999 -999 -999 -999 -999 -999 -999 -999 -999 -999 -999 -999 -999 -999 -999 -999 -999 -999 -999
374 441 518 709 823 858 856 774 705 598 817 810 695 847 867 867 862 478 449 616 772 744 753 823 811 622 735 576 524 532 500 512 504 504 504 568 668 610 668 653 679 679 602 602 552 552 552 552 552 552 552 552 552 -999 -999 -999 -999 -999 -999 -999 -999 -999 -999 -999 -999 -999 -999 -999 -999 -999 -999 -999 -999 -999 -999 -999 -999 -999 -999 -999 -999 -999 -999 -999 -999 -999 -999 -999 -999 -999 -999
537 602 682 793 858 767 701 592 476 305 434 438 442 823 741 710 443 501 747 841 871 865 846 766 852 661 744 638 525 535 562 550 613 612 638 683 709 713 750 750 679 679 679 602 602 552 552 552 552 552 552 552 552 -999 -999 -999 -999 -999 -999 -999 -999 -999 -999 -999 -999 -999 -999 -999 -999 -999 -999 -999 -999 -999 -999 -999 -999 -999 -999 -999 -999 -999 -999 -999 -999 -999 -999 -999 -999 -999 -999
696 688 785 858 850 604 602 520 441 443 635 511 542 495 380 456 745 852 841 871 871 760 847 701 844 675 711 699 594 579 574 588 659 658 675 695 745 730 750 750 750 679 679 679 602 602 552 552 552 552 552 552 552 -999 -999 -999 -999 -999 -999 -999 -999 -999 -999 -999 -999 -999 -999 -999 -999 -999 -999 -999 -999 -999 -999 -999 -999 -999 -999 -999 -999 -999 -999 -999 -999 -999 -999 -999 -999 -999 -999
754 817 858 819 653 661 702 486 469 564 496 446 552 554 640 656 501 637 805 871 806 798 854 812 766 769 726 719 753 686 688 664 678 685 724 754 741 664 664 664 750 750 679 679 679 602 602 552 552 552 552 552 552 -999 -999 -999 -999 -999 -999 -999 -999 -999 -999 -999 -999 -999 -999 -999 -999 -999 -999 -999 -999 -999 -999 -999 -999 -999 -999 -999 -999 -999 -999 -999 -999 -999 -999 -999 -999 -999 -999
758 636 735 607 575 668 591 570 621 605 657 641 737 726 766 788 557 644 768 667 746 868 759 736 632 743 711 711 717 728 740 682 722 742 711 747 738 761 761 761 761 761 750 679 679 679 602 602 552 552 552 552 552 -999 -999 -999 -999 -999 -999 -999 -999 -999 -999 -999 -999 -999 -999 -999 -999 -999 -999 -999 -999 -999 -999 -999 -999 -999 -999 -999 -999 -999 -999 -999 -999 -999 -999 -999 -999 -999 -999
824 738 519 527 702 743 673 738 728 681 792 820 742 509 709 693 404 380 404 564 842 863 786 733 546 711 783 788 805 812 810 746 685 662 674 747 738 761 761 761 761 761 761 761 761 679 679 602 602 552 552 552 552 -999 -999 -999 -999 -999 -999 -999 -999 -999 -999 -999 -999 -999 -999 -999 -999 -999 -999 -999 -999 -999 -999 -999 -999 -999 -999 -999 -999 -999 -999 -999 -999 -999 -999 -999 -999 -999 -999
858 853 804 560 765 700 746 573 546 665 796 800 610 622 541 506 394 549 746 754 849 860 837 833 687 709 808 811 803 806 798 794 612 620 674 674 738 761 761 761 761 761 761 761 761 761 679 679 602 602 552 552 552 -999 -999 -999 -999 -999 -999 -999 -999 -999 -999 -999 -999 -999 -999 -999 -999 -999 -999 -999 -999 -999 -999 -999 -999 -999 -999 -999 -999 -999 -999 -999 -999 -999 -999 -999 -999 -999 -999
828 838 743 757 732 763 731 642 661 521 686 610 635 640 652 721 619 715 832 810 790 824 838 819 689 622 650 818 772 700 699 731 724 747 747 833 833 809 761 761 761 761 761 761 761 761 761 761 679 602 602 552 552 -999 -999 -999 -999 -999 -999 -999 -999 -999 -999 -999 -999 -999 -999 -999 -999 -999 -999 -999 -999 -999 -999 -999 -999 -999 -999 -999 -999 -999 -999 -999 -999 -999 -999 -999 -999 -999 -999
858 850 841 811 752 811 792 701 499 594 761 704 631 479 613 574 799 856 775 774 679 829 860 611 644 588 709 829 706 791 754 764 847 866 833 833 809 809 809 809 761 761 761 761 761 761 761 761 679 679 602 602 -999 -999 -999 -999 -999 -999 -999 -999 -999 -999 -999 -999 -999 -999 -999 -999 -999 -999 -999 -999 -999 -999 -999 -999 -999 -999 -999 -999 -999 -999 -999 -999 -999 -999 -999 -999 -999 -999 -999
859 845 861 799 790 778 667 633 673 659 707 729 764 664 493 675 847 846 795 792 778 749 861 826 642 552 682 831 810 808 866 866 876 860 816 809 809 809 809 809 809 809 809 761 761 761 761 761 679 679 679 -999 -999 -999 -999 -999 -999 -999 -999 -999 -999 -999 -999 -999 -999 -999 -999 -999 -999 -999 -999 -999 -999 -999 -999 -999 -999 -999 -999 -999 -999 -999 -999 -999 -999 -999 -999 -999 -999 -999 -999
852 855 862 862 806 790 689 590 727 783 689 701 704 464 577 774 805 772 627 698 634 735 819 634 496 796 652 864 862 847 855 855 877 819 816 809 809 809 809 809 809 809 809 809 809 761 761 761 750 -999 -999 -999 -999 -999 -999 -999 -999 -999 -999 -999 -999 -999 -999 -999 -999 -999 -999 -999 -999 -999 -999 -999 -999 -999 -999 -999 -999 -999 -999 -999 -999 -999 -999 -999 -999 -999 -999 -999 -999 -999 -999
860 861 853 816 773 771 654 657 765 668 742 703 687 650 716 696 819 855 856 833 675 826 792 559 743 833 810 868 869 875 875 855 815 841 877 877 877 809 809 809 809 809 809 809 809 809 761 761 750 -999 -999 -999 -999 -999 -999 -999 -999 -999 -999 -999 -999 -999 -999 -999 -999 -999 -999 -999 -999 -999 -999 -999 -999 -999 -999 -999 -999 -999 -999 -999 -999 -999 -999 -999 -999 -999 -999 -999 -999 -999 -999
834 830 710 716 648 591 701 555 590 714 783 823 832 794 779 805 824 789 863 667 592 842 806 717 760 797 831 855 855 875 875 761 761 840 867 867 867 867 867 809 809 809 809 809 809 809 761 761 -999 -999 -999 -999 -999 -999 -999 -999 -999 -999 -999 -999 -999 -999 -999 -999 -999 -999 -999 -999 -999 -999 -999 -999 -999 -999 -999 -999 -999 -999 -999 -999 -999 -999 -999 -999 -999 -999 -999 -999 -999 -999 -999
781 736 661 539 667 651 532 717 678 695 852 835 808 734 769 844 798 833 669 703 687 824 837 727 816 770 831 855 875 875 875 803 803 836 867 867 867 867 867 867 867 867 809 809 809 809 761 761 -999 -999 -999 -999 -999 -999 -999 -999 -999 -999 -999 -999 -999 -999 -999 -999 -999 -999 -999 -999 -999 -999 -999 -999 -999 -999 -999 -999 -999 -999 -999 -999 -999 -999 -999 -999 -999 -999 -999 -999 -999 -999 -999
796 840 818 552 528 575 625 600 613 764 789 772 819 824 841 873 661 777 671 744 756 762 823 844 853 841 841 874 874 874 874 854 854 858 858 858 867 867 867 867 867 867 867 867 867 809 871 871 871 -999 -999 -999 -999 -999 -999 -999 -999 -999 -999 -999 -999 -999 -999 -999 -999 -999 -999 -999 -999 -999 -999 -999 -999 -999 -999 -999 -999 -999 -999 -999 -999 -999 -999 -999 -999 -999 -999 -999 -999 -999 -999
863 851 735 499 529 545 710 756 564 761 797 783 799 838 822 702 637 704 780 733 825 833 865 864 853 841 841 874 874 874 874 854 854 858 858 858 858 858 867 867 867 867 867 867 867 871 871 871 871 -999 -999 -999 -999 -999 -999 -999 -999 -999 -999 -999 -999 -999 -999 -999 -999 -999 -999 -999 -999 -999 -999 -999 -999 -999 -999 -999 -999 -999 -999 -999 -999 -999 -999 -999 -999 -999 -999 -999 -999 -999 -999
823 499 534 497 531 609 685 745 806 706 760 854 833 865 811 795 756 555 707 714 871 867 865 864 864 841 841 874 874 874 874 854 854 858 858 858 858 858 858 858 867 867 867 871 871 871 854 854 854 854 854 854 -999 -999 -999 -999 -999 -999 -999 -999 -999 -999 -999 -999 -999 -999 -999 -999 -999 -999 -999 -999 -999 -999 -999 -999 -999 -999 -999 -999 -999 -999 -999 -999 -999 -999 -999 -999 -999 -999 -999
652 468 437 628 502 710 724 780 702 786 816 838 844 849 846 800 606 734 841 777 866 869 869 854 864 864 867 867 867 867 874 854 854 858 858 858 858 858 858 858 871 871 871 871 871 854 854 854 854 854 854 854 -999 -999 -999 -999 -999 -999 -999 -999 -999 -999 -999 -999 -999 -999 -999 -999 -999 -999 -999 -999 -999 -999 -999 -999 -999 -999 -999 -999 -999 -999 -999 -999 -999 -999 -999 -999 -999 -999 -999
465 496 459 706 724 714 823 703 741 835 840 813 770 800 815 771 857 747 862 540 794 846 854 854 854 867 867 867 867 867 867 854 854 858 858 858 858 858 871 871 871 871 871 871 871 854 854 854 854 854 854 854 -999 -999 -999 -999 -999 -999 -999 -999 -999 -999 -999 -999 -999 -999 -999 -999 -999 -999 -999 -999 -999 -999 -999 -999 -999 -999 -999 -999 -999 -999 -999 -999 -999 -999 -999 -999 -999 -999 -999
603 662 596 660 839 520 814 824 807 836 858 758 794 817 862 798 827 873 787 799 855 846 854 854 854 867 867 867 867 867 867 867 854 858 858 858 871 871 871 871 871 871 871 871 854 854 854 854 854 854 854 854 -999 -999 -999 -999 -999 -999 -999 -999 -999 -999 -999 -999 -999 -999 -999 -999 -999 -999 -999 -999 -999 -999 -999 -999 -999 -999 -999 -999 -999 -999 -999 -999 -999 -999 -999 -999 -999 -999 -999
666 857 763 536 830 693 726 864 840 792 808 825 871 846 839 815 833 844 873 869 856 856 854 854 854 867 867 867 867 867 867 867 867 878 878 871 871 871 871 871 871 871 871 854 854 854 854 854 854 854 854 854 -999 -999 -999 -999 -999 -999 -999 -999 -999 -999 -999 -999 -999 -999 -999 -999 -999 -999 -999 -999 -999 -999 -999 -999 -999 -999 -999 -999 -999 -999 -999 -999 -999 -999 -999 -999 -999 -999 -999
725 846 630 709 644 845 834 824 849 869 866 869 873 840 775 786 857 873 874 873 874 874 874 827 854 867 867 867 867 867 867 875 878 878 878 878 871 871 871 871 871 871 871 854 854 854 854 854 854 854 854 854 -999 -999 -999 -999 -999 -999 -999 -999 -999 -999 -999 -999 -999 -999 -999 -999 -999 -999 -999 -999 -999 -999 -999 -999 -999 -999 -999 -999 -999 -999 -999 -999 -999 -999 -999 -999 -999 -999 -999
710 738 642 740 657 827 828 833 872 855 858 870 872 840 848 847 873 873 873 869 857 857 827 827 875 875 875 875 875 875 875 875 878 878 878 878 871 871 871 871 871 871 854 854 854 854 854 854 854 854 854 854 -999 -999 -999 -999 -999 -999 -999 -999 -999 -999 -999 -999 -999 -999 -999 -999 -999 -999 -999 -999 -999 -999 -999 -999 -999 -999 -999 -999 -999 -999 -999 -999 -999 -999 -999 -999 -999 -999 -999
745 832 703 774 678 831 810 861 865 864 873 873 871 842 828 843 866 873 871 853 855 827 827 827 875 875 875 875 875 875 875 875 878 878 878 878 871 871 871 871 871 854 854 854 854 854 854 854 854 854 854 854 -999 -999 -999 -999 -999 -999 -999 -999 -999 -999 -999 -999 -999 -999 -999 -999 -999 -999 -999 -999 -999 -999 -999 -999 -999 -999 -999 -999 -999 -999 -999 -999 -999 -999 -999 -999 -999 -999 -999
785 836 775 808 819 840 833 868 872 872 872 872 872 848 827 838 856 842 834 867 854 755 755 875 875 875 875 875 875 875 875 875 878 878 878 878 880 871 871 871 871 854 854 854 854 854 854 854 854 854 854 854 -999 -999 -999 -999 -999 -999 -999 -999 -999 -999 -999 -999 -999 -999 -999 -999 -999 -999 -999 -999 -999 -999 -999 -999 -999 -999 -999 -999 -999 -999 -999 -999 -999 -999 -999 -999 -999 -999 -999
867 866 833 858 839 856 859 849 871 871 872 856 856 859 817 844 858 857 857 759 754 736 736 875 875 875 875 876 876 876 876 876 878 878 878 878 880 880 871 871 854 854 854 854 854 854 854 854 854 854 854 854 883 -999 -999 -999 -999 -999 -999 -999 -999 -999 -999 -999 -999 -999 -999 -999 -999 -999 -999 -999 -999 -999 -999 -999 -999 -999 -999 -999 -999 -999 -999 -999 -999 -999 -999 -999 -999 -999 -999
850 820 815 818 773 839 850 817 855 864 864 837 835 782 802 810 824 834 741 800 775 809 835 876 875 875 875 876 876 876 876 878 878 878 878 881 882 882 882 883 854 854 854 854 854 854 854 854 854 854 854 854 883 -999 -999 -999 -999 -999 -999 -999 -999 -999 -999 -999 -999 -999 -999 -999 -999 -999 -999 -999 -999 -999 -999 -999 -999 -999 -999 -999 -999 -999 -999 -999 -999 -999 -999 -999 -999 -999 -999
829 831 838 834 836 850 797 829 805 846 802 837 838 792 831 768 692 770 741 720 824 838 813 851 851 851 875 876 876 876 876 878 878 858 858 881 871 882 883 883 867 867 867 867 867 867 867 867 867 867 867 867 883 -999 -999 -999 -999 -999 -999 -999 -999 -999 -999 -999 -999 -999 -999 -999 -999 -999 -999 -999 -999 -999 -999 -999 -999 -999 -999 -999 -999 -999 -999 -999 -999 -999 -999 -999 -999 -999 -999
861 863 859 860 827 827 803 824 834 761 797 811 843 865 827 783 647 649 798 829 845 845 869 868 868 868 868 876 876 876 878 878 878 878 881 882 880 866 883 874 875 867 867 867 867 867 867 867 867 867 867 867 883 -999 -999 -999 -999 -999 -999 -999 -999 -999 -999 -999 -999 -999 -999 -999 -999 -999 -999 -999 -999 -999 -999 -999 -999 -999 -999 -999 -999 -999 -999 -999 -999 -999 -999 -999 -999 -999 -999
866 867 864 838 811 818 854 797 802 813 817 828 864 856 871 767 732 776 773 850 872 867 874 868 868 868 868 876 876 875 875 875 875 875 882 882 875 855 880 874 875 875 867 867 867 867 867 867 867 867 867 867 883 -999 -999 -999 -999 -999 -999 -999 -999 -999 -999 -999 -999 -999 -999 -999 -999 -999 -999 -999 -999 -999 -999 -999 -999 -999 -999 -999 -999 -999 -999 -999 -999 -999 -999 -999 -999 -999 -999
854 866 866 858 773 795 835 825 760 809 822 833 831 860 807 758 778 793 855 868 874 874 874 874 868 868 868 868 876 878 878 878 878 878 881 882 738 724 873 873 875 875 875 867 867 867 867 867 867 867 883 883 883 -999 -999 -999 -999 -999 -999 -999 -999 -999 -999 -999 -999 -999 -999 -999 -999 -999 -999 -999 -999 -999 -999 -999 -999 -999 -999 -999 -999 -999 -999 -999 -999 -999 -999 -999 -999 -999 -999
