Input/HOURLY_GHI/2015/solar_ghi_20150101_00UT.txt
NCOLS 839
NROWS 679
XLLCORNER 112.025005
YLLCORNER -43.9750009
CELLSIZE 0.0499954
NODATA_VALUE -999
[rows 200 to 239 of 679, columns 182 to 272 of 839]
730 731 734 735 732 735 738 735 738 742 743 744 743 741 744 743 741 745 747 747 750 750 751 753 753 754 755 754 754 756 757 757 756 759 759 761 762 761 762 764 764 766 766 762 760 761 765 771 768 766 773 772 772 771 767 762 777 778 779 771 773 777 775 769 781 784 783 774 763 754 765 762 757 742 697 753 747 718 695 558 750 708 714 708 664 661 737 783 785 763 780
730 730 715 735 727 730 732 736 741 740 741 744 741 738 744 746 747 748 748 748 750 750 752 753 755 755 756 756 755 757 758 759 759 757 762 759 760 763 758 761 761 762 763 770 771 772 767 768 771 774 770 773 776 776 762 778 775 777 780 772 781 780 774 780 781 775 785 782 766 758 747 739 766 752 716 754 751 779 732 697 753 745 706 687 674 701 714 763 787 782 774
735 731 732 710 712 728 737 733 736 736 744 745 738 735 745 746 748 749 749 750 751 747 752 754 755 755 756 757 757 759 757 759 761 756 760 760 758 760 764 758 765 766 767 767 768 772 773 773 770 773 775 775 776 777 778 779 780 780 781 781 782 783 782 781 785 784 783 786 787 774 770 761 741 762 746 771 774 760 739 732 726 760 734 643 704 612 735 776 770 784 799
736 736 731 693 612 696 725 742 743 739 737 740 739 741 744 747 749 750 745 751 750 751 751 754 755 756 749 756 758 759 758 756 760 757 753 752 756 754 763 760 765 765 763 770 771 770 771 773 773 769 771 773 774 775 779 779 780 781 781 782 783 784 781 782 785 786 783 781 787 784 771 768 768 730 771 757 763 772 776 699 766 773 725 640 731 737 681 770 759 783 800
734 738 740 724 698 666 708 691 574 617 712 737 747 747 744 742 746 751 752 752 753 752 753 754 756 757 757 758 759 759 759 761 759 759 760 757 756 756 759 766 767 768 768 764 769 770 772 772 772 771 775 772 778 779 780 781 781 781 778 783 782 784 785 784 783 785 785 782 784 784 779 772 776 760 751 779 764 771 753 773 779 776 748 725 712 721 745 776 765 752 795
729 724 700 675 636 695 662 645 607 673 720 735 725 732 734 739 747 752 751 752 754 755 753 754 756 757 758 759 758 757 758 759 762 758 761 756 757 764 762 764 763 768 768 771 770 773 770 766 772 777 773 777 777 778 779 781 782 782 777 783 782 765 784 781 787 788 782 783 786 788 782 780 762 763 763 757 770 786 779 792 790 748 755 717 724 740 759 745 784 788 797
721 739 724 480 437 588 678 727 734 727 735 721 721 708 648 711 745 751 748 751 754 755 755 756 758 758 757 760 758 761 758 757 759 757 760 763 761 762 766 763 766 763 770 767 773 769 771 769 763 771 775 778 779 775 779 778 782 782 780 784 783 777 780 787 784 788 783 783 783 785 780 780 774 767 777 789 777 792 795 786 782 779 766 755 707 744 740 773 763 789 797
727 741 613 485 451 552 678 719 695 738 739 735 742 731 695 710 739 747 750 750 753 755 756 752 755 758 759 759 760 761 762 762 760 762 760 761 761 760 764 768 768 769 771 772 773 775 774 767 775 776 777 776 779 780 781 782 781 780 779 777 766 773 781 787 786 788 789 776 770 775 782 778 775 763 768 790 793 791 791 795 797 773 784 780 761 744 756 780 751 788 792
737 741 521 572 527 645 699 718 730 740 747 744 748 742 741 748 745 744 750 752 752 753 754 750 751 757 758 760 755 761 761 763 753 763 764 764 765 759 763 764 769 771 762 765 768 774 776 775 771 776 771 771 779 780 781 782 781 783 782 780 763 760 774 785 787 789 789 785 777 765 783 793 779 764 778 792 795 789 793 800 789 766 791 783 724 774 748 786 764 786 785
726 729 634 622 644 660 585 710 741 745 740 739 745 747 746 746 747 747 742 745 749 749 751 752 746 749 756 759 759 761 761 761 762 762 764 764 765 760 766 769 767 771 772 771 763 764 770 771 771 778 778 778 780 780 782 777 782 780 783 783 784 782 779 789 790 789 788 790 793 791 791 782 784 745 777 792 798 799 799 801 798 795 801 780 776 765 756 783 728 783 792
733 732 704 709 682 717 695 740 737 745 745 747 746 750 749 750 751 750 748 734 744 751 755 753 750 755 759 752 757 761 761 761 760 762 762 761 765 765 767 768 770 769 772 773 774 772 776 775 777 776 779 778 780 779 780 773 783 784 785 786 786 776 778 787 790 786 791 791 794 794 794 791 780 758 766 776 784 791 797 793 801 797 790 792 795 800 795 773 686 781 793
736 736 734 732 698 738 735 736 741 745 736 739 750 751 748 749 746 753 754 755 756 758 758 760 760 755 752 755 756 753 759 762 755 763 765 755 762 766 767 768 770 771 768 773 775 773 772 778 777 779 780 781 768 772 776 777 762 774 772 772 779 784 786 787 792 784 790 793 795 795 796 793 783 780 784 793 786 787 785 790 795 797 783 801 802 804 794 800 755 796 802
738 740 741 742 739 733 739 742 748 743 748 750 750 752 752 754 747 749 752 755 757 755 757 755 761 757 757 760 754 756 756 762 764 765 746 750 759 763 764 768 769 771 773 766 774 775 772 773 778 779 780 779 773 762 771 775 769 764 770 773 775 784 790 787 790 793 793 792 792 794 797 793 794 775 785 797 789 786 790 797 797 794 789 801 805 806 800 807 798 792 803
741 738 741 741 742 741 743 743 749 750 745 746 750 752 749 754 753 748 751 753 756 758 754 751 759 755 756 756 759 758 748 748 753 760 765 766 767 765 766 768 766 768 772 773 773 775 776 776 779 776 774 781 781 782 782 777 774 770 777 787 786 788 790 791 792 793 795 792 792 797 795 796 790 774 785 792 789 793 800 798 800 803 804 805 800 802 807 799 809 801 787
743 738 735 741 741 742 746 747 747 750 751 751 747 750 754 754 754 753 756 757 751 756 757 757 754 757 758 758 754 758 758 758 760 755 761 757 762 758 763 760 769 771 772 767 772 775 776 777 777 776 781 781 781 783 780 782 774 767 785 787 788 786 789 791 793 794 795 795 796 795 796 796 798 787 756 787 763 789 797 802 800 805 799 805 806 801 805 809 810 809 805
740 744 741 740 737 741 748 746 743 751 752 751 749 746 745 755 752 752 752 757 758 756 750 760 749 752 758 754 760 762 758 749 761 762 763 764 765 768 769 767 767 770 771 772 774 775 777 777 778 779 780 781 781 783 784 779 782 783 778 787 788 788 785 791 793 793 795 795 796 796 798 797 800 794 787 774 791 788 798 800 800 805 806 805 807 808 809 810 811 808 814
740 744 745 745 744 749 746 750 745 749 743 751 750 748 737 752 754 754 756 753 752 755 748 747 751 753 756 756 756 763 755 755 753 760 761 761 763 760 766 770 762 764 764 771 766 774 776 776 778 779 779 777 780 781 784 785 783 787 787 786 788 789 790 789 793 794 795 796 797 798 799 799 799 801 799 799 799 797 802 803 805 805 802 804 805 809 805 810 807 812 815
739 739 741 743 742 748 749 747 749 750 753 754 755 755 756 757 755 753 754 758 757 754 761 756 754 761 762 761 754 762 758 764 761 756 766 767 767 769 767 770 771 768 769 773 770 765 769 775 775 774 779 778 778 777 780 783 786 778 783 787 788 786 790 791 793 794 795 796 797 797 798 799 800 800 802 803 804 803 804 802 803 806 807 807 808 809 810 811 811 813 811
746 739 738 745 748 746 743 752 752 747 750 754 755 755 754 754 753 757 756 755 759 756 753 761 761 762 764 764 759 757 762 766 768 754 760 767 764 768 769 770 771 769 768 774 773 773 775 778 779 780 777 778 784 780 783 778 784 786 787 786 789 790 791 792 793 794 795 796 796 797 798 799 800 798 802 802 803 804 804 805 806 805 806 807 807 808 809 811 813 812 810
746 746 737 740 745 744 736 747 746 742 754 755 754 752 753 753 752 754 759 759 755 754 755 758 760 756 762 766 767 761 765 764 768 762 763 767 769 763 767 769 770 771 773 772 771 772 775 776 779 781 782 777 772 777 781 781 786 786 787 789 790 791 790 792 790 792 794 794 797 798 799 797 801 799 802 803 800 804 805 805 805 806 806 808 807 809 809 808 811 813 812
746 743 741 740 740 743 740 748 737 737 745 755 751 754 750 755 753 754 755 758 759 758 756 759 749 750 765 765 759 762 763 762 766 764 765 767 768 770 768 770 771 771 772 774 775 770 766 776 778 779 781 782 784 782 784 785 784 787 788 789 790 791 792 791 793 793 795 793 795 793 800 800 801 802 802 803 803 802 802 793 803 807 804 801 799 801 810 812 808 808 813
745 735 733 736 740 740 745 745 742 743 739 750 751 743 751 750 749 749 755 753 754 762 758 764 763 748 759 763 767 756 764 759 763 766 769 767 761 766 765 771 771 772 773 774 771 776 777 771 776 779 781 782 783 784 785 786 783 787 788 789 790 791 792 793 794 791 796 793 797 799 800 801 797 801 802 803 804 802 805 802 803 806 808 805 787 808 810 811 809 813 815
736 738 732 736 743 737 739 745 734 738 744 750 742 748 744 749 749 754 759 751 753 762 762 762 765 760 751 758 762 765 761 762 756 767 769 770 771 768 770 764 767 772 771 773 775 773 774 777 775 779 780 780 783 783 785 784 784 786 787 788 790 791 791 792 794 794 794 798 786 799 800 800 800 801 802 802 803 802 799 806 806 807 808 806 807 805 811 812 806 808 815
742 734 722 731 739 739 737 741 737 736 744 747 735 743 742 749 745 749 754 757 755 758 757 760 759 758 760 763 763 764 766 765 763 765 770 764 769 771 772 773 774 771 774 774 774 775 776 777 779 780 781 780 783 783 785 787 786 787 788 786 789 789 787 791 793 794 796 798 795 787 800 800 799 802 803 802 802 802 801 800 807 806 804 809 808 811 812 814 810 810 815
745 743 734 734 741 740 737 734 741 738 741 754 749 744 747 759 760 749 755 757 758 763 763 763 764 762 761 764 764 767 756 766 757 762 767 771 766 772 768 771 772 771 774 775 776 774 776 777 779 780 778 780 783 785 783 787 788 789 789 791 788 792 790 789 788 794 796 797 799 789 795 800 801 798 802 803 804 801 806 805 807 806 807 807 809 812 811 811 815 811 813
740 749 751 751 749 743 740 746 745 751 751 751 753 751 749 739 750 756 753 752 762 759 747 756 760 767 761 766 768 771 766 758 764 763 765 772 770 772 767 774 775 775 770 776 777 775 775 768 775 778 777 779 783 784 783 785 788 788 787 791 789 791 792 794 791 789 796 798 798 799 793 786 797 784 679 781 804 803 806 807 807 804 810 805 811 813 810 813 815 815 817
738 745 751 750 748 745 747 748 745 747 751 753 743 745 748 747 745 750 751 755 750 756 756 758 760 765 768 767 767 769 760 755 758 761 767 770 767 771 773 774 774 775 776 777 774 777 778 775 779 778 780 781 783 785 786 787 786 788 788 790 792 793 793 795 796 796 797 796 799 800 790 560 689 771 797 778 799 787 798 805 799 805 810 811 812 813 813 813 813 816 817
740 746 748 748 742 738 746 743 746 747 744 743 748 736 746 751 758 749 749 756 755 755 755 761 760 766 768 768 769 768 766 762 751 749 758 770 765 768 768 775 771 772 774 775 777 779 777 770 777 779 778 779 780 780 786 785 786 788 787 789 789 792 793 790 795 796 797 799 797 800 785 794 802 799 795 801 803 805 794 798 808 804 810 789 811 812 814 814 816 817 818
738 741 746 750 749 749 741 752 745 747 743 752 745 751 748 745 753 755 754 756 757 757 758 756 759 764 765 767 761 765 765 764 767 763 765 773 764 769 774 776 776 777 771 773 776 779 779 780 776 781 783 784 777 782 784 787 786 788 787 791 793 792 795 793 790 796 797 796 795 798 798 802 803 799 798 801 805 805 801 802 807 809 809 796 797 811 814 814 815 817 817
751 742 748 753 754 755 752 754 752 754 750 752 756 752 751 749 745 752 760 757 754 758 763 758 759 759 764 765 763 759 761 758 767 767 766 769 769 773 774 774 774 777 775 774 769 778 779 780 779 781 782 783 780 781 786 785 785 788 791 790 792 791 794 793 796 793 798 797 795 799 798 801 802 803 804 804 805 801 807 807 808 809 808 811 811 809 813 815 814 817 814
740 749 745 749 747 748 751 753 756 756 755 755 754 754 752 745 746 745 749 759 761 760 759 762 758 761 763 767 767 768 770 768 771 767 772 768 765 769 768 767 769 773 777 778 779 775 779 780 780 777 783 784 784 787 784 787 783 788 792 791 790 794 792 796 790 794 795 797 796 799 800 799 802 802 804 805 805 803 803 806 808 809 811 808 812 808 814 813 814 818 819
749 749 741 746 742 745 742 753 752 757 751 752 756 759 756 751 747 730 736 748 759 761 764 763 766 760 761 759 760 768 767 767 761 764 764 767 766 767 769 764 768 771 777 779 778 774 778 781 781 776 778 784 785 785 788 789 788 789 792 793 792 795 795 793 792 797 797 789 798 800 799 799 802 803 803 805 806 807 805 801 808 810 811 807 813 813 810 814 807 816 818
749 748 750 744 745 744 737 754 754 744 752 752 754 755 757 754 751 753 740 755 754 764 760 765 765 764 767 762 766 765 766 767 766 768 769 767 771 767 766 764 769 773 776 778 778 779 776 776 781 782 783 780 782 783 786 786 788 789 792 793 794 795 795 796 795 798 798 797 799 801 801 800 803 803 804 805 805 807 807 806 805 810 811 812 813 811 812 814 812 814 812
748 739 754 755 750 751 744 751 756 755 754 753 756 757 759 760 755 748 758 758 756 752 752 758 766 763 767 767 760 766 769 770 766 766 769 764 771 771 768 772 777 775 778 779 776 777 775 778 778 781 784 782 784 781 787 789 788 790 791 790 794 795 796 795 794 799 795 797 799 800 799 803 800 801 801 804 805 807 807 803 805 810 809 811 812 810 813 815 813 812 811
752 745 751 755 752 753 748 753 758 758 756 757 757 759 759 756 761 738 755 752 766 766 764 763 763 762 760 765 770 766 770 768 768 772 771 765 773 767 771 773 777 768 778 780 779 776 775 781 779 778 784 783 786 785 781 786 784 789 792 789 792 796 796 797 798 799 797 798 799 798 803 803 800 804 802 797 806 808 807 806 809 811 804 806 810 814 815 815 814 813 815
749 752 746 752 756 755 751 754 756 756 761 761 754 757 758 762 764 740 747 759 759 764 765 767 767 768 766 763 766 759 767 762 772 772 771 774 776 770 776 778 775 770 774 773 774 774 777 782 778 780 783 784 784 783 789 789 789 785 790 794 794 792 797 795 798 796 797 799 799 802 802 804 800 802 803 801 805 806 808 809 810 811 809 805 800 811 815 814 817 814 818
738 750 743 750 757 756 747 748 751 755 761 760 761 756 759 756 762 760 763 765 764 768 759 764 767 768 767 766 760 767 770 771 773 773 774 774 772 772 772 773 777 779 776 772 775 776 775 778 776 780 783 779 780 786 786 790 789 789 787 790 793 793 796 796 796 798 800 800 801 801 801 800 804 805 806 805 805 804 803 809 810 812 813 813 812 813 811 812 817 816 817
745 747 744 745 757 759 757 756 758 761 759 760 756 752 750 744 756 764 757 750 751 758 768 765 765 769 766 766 771 770 769 773 767 764 759 763 770 776 765 771 778 777 770 772 777 777 779 781 779 776 780 785 781 785 788 789 791 786 790 794 796 793 792 798 799 800 797 799 801 801 804 803 803 802 803 802 808 807 804 808 810 812 813 810 813 812 813 816 814 817 818
748 746 747 748 753 757 761 756 756 760 760 762 753 760 748 749 747 758 763 746 747 764 760 764 770 765 767 761 767 769 770 773 774 775 776 712 672 762 762 769 774 779 773 770 774 774 779 779 780 783 782 783 781 784 783 783 788 789 789 793 792 791 791 792 795 800 800 800 801 799 801 803 806 804 803 803 805 805 801 807 809 810 809 810 813 815 813 814 813 816 818
749 749 755 748 759 754 761 759 759 759 761 761 745 750 756 761 759 761 753 760 761 763 767 767 769 770 769 767 763 768 772 773 774 771 776 662 548 552 758 764 761 776 775 777 775 778 780 775 780 778 778 780 781 787 789 785 788 790 790 791 794 796 794 793 799 800 801 800 800 801 802 804 803 806 806 805 807 808 801 808 810 811 811 809 809 813 814 815 817 818 818
