Input/HOURLY_GHI/2015/solar_ghi_20150101_03UT.txt
NCOLS 839
NROWS 679
XLLCORNER 112.025005
YLLCORNER -43.9750009
CELLSIZE 0.0499954
NODATA_VALUE -999
[rows 195 to 233 of 679, columns 352 to 439 of 839]
644 611 612 760 962 958 929 781 650 505 437 481 715 949 737 932 1014 1013 974 952 1004 1016 939 1025 956 887 856 727 730 879 747 682 600 485 411 437 441 446 309 327 372 346 249 225 202 179 182 277 258 189 164 219 444 450 411 343 354 371 439 415 357 396 450 444 439 443 516 432 354 430 396 412 455 433 492 458 399 390 410 383 363 296 283 250 228 295 319 342
933 807 897 954 950 953 1039 876 527 559 726 732 815 976 902 895 1022 1014 1029 1035 1010 1011 987 899 941 840 694 859 921 863 879 836 792 705 546 502 541 389 266 273 221 267 253 244 228 133 157 155 224 200 259 262 406 381 380 340 293 243 329 395 387 303 330 425 466 458 450 379 315 313 222 291 355 392 434 453 518 498 379 311 248 249 267 253 297 317 326 319
808 743 905 993 1022 809 904 1036 807 608 635 756 846 918 910 1015 1036 1039 1040 1040 979 830 740 805 861 792 685 695 842 742 820 803 921 845 810 712 438 246 228 247 206 170 206 207 220 226 181 201 179 133 173 257 314 341 396 481 495 312 237 255 326 296 319 333 359 387 323 302 296 270 213 233 325 367 382 388 387 389 333 285 300 348 230 233 283 263 298 321
510 522 809 1032 1029 1015 999 1040 1015 706 575 730 683 534 535 590 539 626 753 857 754 579 553 637 685 800 670 703 610 573 626 813 875 925 858 564 348 207 222 183 175 183 167 234 262 268 197 298 309 197 178 275 238 289 252 311 404 330 178 176 178 249 259 295 290 327 302 323 356 230 207 242 282 414 369 348 325 388 378 305 306 260 232 237 291 275 242 302
446 424 674 1005 1034 1016 1013 998 986 924 809 918 832 672 912 852 531 552 625 604 627 491 554 664 628 582 699 710 657 576 502 522 552 727 590 420 259 255 237 206 214 217 204 182 264 236 221 250 257 233 269 312 266 192 215 216 243 233 187 174 205 230 233 231 250 349 335 265 330 238 245 275 288 407 405 316 277 279 298 266 271 253 367 329 316 311 245 283
363 311 511 679 976 1017 999 896 951 841 733 1011 903 898 991 1008 880 932 675 416 501 517 554 551 647 481 553 644 487 454 433 394 416 617 540 439 353 347 334 389 419 442 379 274 314 302 266 263 270 220 226 278 272 208 184 178 160 172 169 187 234 223 225 207 264 316 313 262 281 265 310 386 351 323 298 207 225 206 185 206 195 229 338 341 282 283 295 297
285 304 388 503 593 926 851 795 813 678 618 651 507 773 870 969 836 920 701 388 398 477 564 571 478 394 388 374 382 433 362 352 337 373 349 421 406 406 399 456 601 638 509 396 358 399 270 258 249 270 228 218 253 226 169 200 168 158 157 190 225 196 217 200 217 267 318 361 363 309 382 394 352 238 204 226 237 214 179 209 212 236 231 252 238 262 247 280
234 274 313 287 305 487 455 467 625 682 657 562 443 580 626 690 653 680 498 412 420 483 461 389 291 320 274 265 343 334 308 339 317 262 321 338 307 326 351 430 606 598 554 383 363 385 273 256 230 217 248 354 306 238 210 226 201 174 176 165 150 146 170 189 201 226 216 292 316 304 307 336 400 322 311 320 281 253 184 199 232 258 209 224 236 212 210 223
302 329 319 313 209 240 301 308 374 420 434 484 433 393 364 385 417 503 363 374 381 375 303 329 465 336 245 257 303 277 322 360 309 335 395 313 285 300 322 451 607 533 479 321 242 270 235 336 289 235 229 290 219 172 226 215 228 210 229 199 150 129 143 184 193 162 196 216 233 232 248 275 416 370 393 343 315 296 274 256 245 227 206 189 189 202 176 195
342 304 300 309 292 267 272 257 247 350 364 392 329 287 353 383 407 367 320 344 298 325 358 455 384 300 298 261 270 255 276 337 441 451 364 375 376 350 415 495 410 443 396 275 252 259 248 271 364 341 255 246 230 167 208 243 234 215 206 265 233 170 141 198 205 210 199 207 219 199 245 316 402 388 422 427 370 382 362 353 290 240 198 219 168 164 171 183
361 328 265 287 316 315 277 264 277 311 316 308 297 312 314 342 313 273 284 265 278 309 280 373 353 290 296 309 312 285 282 456 567 484 371 377 314 282 307 365 363 419 357 313 278 271 252 304 306 225 235 253 244 195 207 202 216 236 283 273 247 246 258 238 278 249 224 225 244 225 280 343 311 310 339 432 478 418 352 341 308 253 232 257 174 180 173 183
390 356 358 308 266 265 300 282 254 261 252 230 217 214 211 264 179 220 218 231 218 260 249 279 302 307 301 316 302 294 392 418 522 451 366 343 280 245 267 299 335 337 299 311 311 283 272 289 267 214 211 222 293 281 247 235 201 270 282 283 297 222 291 302 282 351 303 259 347 322 346 322 216 212 236 326 457 355 350 376 373 339 314 222 206 214 238 202
499 413 402 403 297 298 254 244 234 218 199 180 182 161 190 203 250 245 218 290 272 242 283 291 263 257 300 335 396 379 390 423 445 526 448 360 405 289 256 264 306 331 277 311 344 295 282 256 318 235 218 235 252 296 274 250 225 240 373 284 251 286 356 384 334 322 297 261 248 235 224 208 245 236 253 320 362 259 246 331 446 373 316 294 266 300 300 226
504 475 445 403 364 349 358 283 253 234 225 238 236 277 229 168 258 251 250 314 305 299 356 317 257 238 332 349 387 403 404 494 467 445 448 438 512 412 315 277 290 412 313 384 375 363 399 338 361 280 266 286 341 241 231 315 328 319 431 346 246 224 345 416 329 319 239 316 252 226 278 227 197 235 255 358 461 401 318 396 357 319 340 392 336 410 418 324
661 639 553 448 479 417 376 313 273 222 283 335 302 335 264 172 166 168 209 235 254 302 389 285 233 217 255 320 268 291 337 502 470 503 427 452 422 541 383 392 390 498 470 407 441 518 391 365 392 356 234 254 240 249 201 257 273 300 369 335 398 340 334 347 353 353 327 268 303 333 277 347 246 218 229 260 331 367 453 408 293 222 242 343 435 430 492 402
757 817 695 455 480 458 469 380 333 285 276 343 375 363 313 237 202 199 202 231 283 227 275 312 287 241 197 228 229 196 194 342 377 426 559 424 426 467 403 351 512 555 492 452 412 675 475 306 304 422 295 297 296 270 256 210 218 242 284 240 299 292 310 295 374 354 346 265 269 312 258 262 256 228 235 258 259 319 386 466 368 272 313 307 341 419 606 465
818 878 824 585 614 662 676 598 463 359 309 319 427 342 403 286 264 236 215 269 229 211 228 234 248 249 331 228 181 170 211 258 234 257 465 415 479 524 472 402 406 475 424 448 420 472 561 386 237 315 263 310 290 279 247 228 209 207 236 241 235 225 220 244 277 258 271 267 281 269 311 248 271 243 238 233 353 396 286 312 297 313 382 394 332 342 429 469
579 649 967 651 746 748 809 831 542 389 342 336 322 366 396 380 288 293 239 256 237 235 223 211 215 208 309 270 232 215 212 292 306 208 291 313 345 467 663 414 445 550 376 381 342 458 452 399 269 269 273 304 308 310 258 225 232 208 253 251 239 243 218 242 325 255 219 264 330 322 283 276 335 277 271 268 241 286 257 280 301 334 307 357 344 412 447 395
553 524 797 590 652 883 910 845 711 459 421 345 307 384 413 405 321 272 292 259 245 279 256 225 217 262 330 245 241 240 219 269 305 291 264 334 304 307 426 391 489 554 494 400 408 383 507 374 313 248 347 331 297 315 285 222 246 255 259 286 275 260 262 245 345 333 289 311 331 381 329 328 370 359 320 281 246 215 209 225 255 267 299 280 234 291 441 348
805 880 958 736 751 569 673 752 747 488 454 416 348 387 357 351 345 359 335 319 289 337 304 300 300 297 352 320 294 240 251 243 245 268 330 286 276 280 303 316 387 372 444 431 479 444 430 387 347 320 343 404 337 432 385 232 243 282 302 323 297 266 276 262 287 279 360 394 387 396 377 378 378 379 383 340 275 237 256 257 298 323 300 226 227 314 408 355
782 952 748 680 723 581 722 913 844 567 463 439 410 438 367 293 328 388 369 397 403 387 323 317 306 360 388 407 324 254 242 233 223 287 322 272 223 277 294 317 336 298 374 375 424 498 555 425 456 375 300 353 327 415 367 272 269 316 359 346 331 285 275 228 263 273 291 351 374 356 377 386 407 445 425 369 312 262 297 339 334 385 373 344 295 358 430 365
923 945 864 804 812 774 665 677 748 646 625 609 466 538 479 390 443 463 455 554 487 496 399 394 412 461 356 355 357 379 318 297 284 330 285 210 186 233 247 258 312 325 337 335 364 397 416 303 433 391 339 436 388 395 410 314 299 358 364 306 293 295 287 241 252 286 274 265 375 394 372 404 406 407 430 433 325 291 342 422 423 385 381 359 377 350 357 400
755 946 1002 898 834 917 864 595 839 813 701 750 605 818 475 417 558 538 634 535 593 676 538 482 469 430 398 393 413 398 366 304 302 319 267 273 236 216 288 306 268 276 345 299 327 307 373 344 383 405 367 435 461 367 474 373 329 405 404 395 317 314 303 280 241 274 274 279 361 401 391 425 422 422 434 380 336 392 432 447 471 400 422 398 378 411 406 399
654 689 984 958 936 997 990 960 909 976 750 740 578 614 546 744 635 535 469 472 566 457 461 412 398 383 357 331 348 380 384 347 314 347 340 291 301 265 318 284 310 317 310 367 334 331 359 447 361 421 536 459 447 410 486 457 369 393 412 363 364 358 338 303 265 314 382 372 299 385 453 471 455 478 465 430 389 443 431 452 464 438 369 467 455 416 437 426
832 666 880 1027 1005 1019 1033 999 974 926 675 853 812 531 630 617 569 497 464 494 457 476 582 445 380 403 395 352 339 374 375 389 322 358 394 303 308 272 286 303 278 339 345 399 345 420 413 407 338 433 461 343 430 442 507 507 430 398 390 369 398 340 316 310 356 334 395 411 349 407 463 459 602 568 543 546 430 481 455 451 471 438 410 357 460 452 428 399
1024 977 919 1043 1022 1041 1039 1037 1033 927 834 650 604 917 927 717 552 459 623 585 475 447 553 429 417 383 415 425 341 360 379 373 354 380 413 391 345 316 334 315 308 327 348 381 382 442 407 350 315 414 462 343 389 392 465 511 476 505 458 423 406 343 328 312 342 394 436 438 392 414 504 425 498 641 576 522 419 462 492 509 453 350 371 308 407 433 440 384
1011 988 1024 1047 1039 1049 1045 1045 1039 1028 977 768 758 1036 1012 1004 664 552 785 546 452 489 458 546 470 425 503 460 388 370 375 367 373 437 429 368 368 391 378 329 315 356 322 407 344 369 424 406 359 352 393 419 415 396 462 471 501 534 385 422 409 409 409 362 343 388 447 407 412 380 475 508 460 545 706 609 468 423 555 523 436 377 375 341 400 426 449 406
1031 1049 1035 1046 1048 1051 1044 1044 1047 1041 1015 1007 964 1029 1050 1028 987 891 825 584 517 582 456 502 527 489 522 458 368 390 462 477 425 432 419 373 453 383 383 312 283 312 262 279 336 403 427 383 410 385 441 541 451 410 401 450 523 650 450 421 496 506 507 474 473 424 420 423 476 403 474 490 461 522 674 623 509 455 490 551 589 555 504 443 406 439 453 461
1019 1056 1049 1053 1053 1055 1047 1057 1054 1048 1051 1035 1022 969 1044 1041 1032 954 986 880 881 665 561 482 462 447 541 611 475 409 510 599 502 446 446 450 449 363 349 249 301 365 282 273 305 317 394 440 504 474 492 449 398 389 426 469 529 567 499 405 460 458 481 479 581 519 501 476 447 403 468 530 454 483 514 524 554 546 484 553 520 515 499 439 485 477 473 497
1039 1045 1061 1059 1059 1052 1061 1056 1050 1055 1050 1045 1043 1020 1015 1055 1051 1040 1046 982 902 610 626 622 515 480 538 755 546 479 457 566 562 458 544 482 443 390 397 277 381 489 449 390 305 293 407 509 546 466 373 324 364 382 453 714 533 527 474 396 402 397 456 495 574 528 660 488 390 476 467 484 424 426 484 612 574 540 502 603 610 553 469 390 523 497 451 523
1052 1046 1051 1061 1055 1062 1057 1061 1057 1051 1049 1044 1048 1045 1045 1049 1044 1053 1042 1027 957 837 749 686 607 531 516 563 497 533 433 475 561 519 738 838 694 422 388 369 575 845 849 648 551 673 610 496 636 442 312 326 455 454 521 903 681 551 479 432 504 446 464 717 646 530 588 520 597 768 517 390 422 425 479 606 574 473 421 473 495 520 621 492 456 436 518 533
1045 1052 1061 1051 1062 1054 1058 1052 1056 1052 1053 1055 1055 1060 1058 1049 1057 1050 1042 1045 1012 953 905 887 820 795 701 519 439 462 461 464 481 639 862 839 886 733 516 599 475 605 700 660 646 811 788 598 498 401 362 440 516 558 533 666 751 560 563 720 832 695 441 509 729 568 588 677 597 648 432 474 459 419 399 470 560 559 513 577 626 742 791 542 569 498 478 495
990 972 1063 1060 1051 1048 1051 1050 1052 1051 1047 1049 1056 1056 1054 1058 1058 1059 1061 1053 1045 1019 947 829 880 905 799 567 465 471 510 471 497 532 669 749 754 793 819 739 549 600 631 606 659 843 879 700 424 411 521 542 768 902 758 533 499 527 544 712 832 813 690 560 544 672 638 595 782 618 496 496 520 450 459 533 506 548 556 763 755 854 950 879 646 589 624 544
1022 1014 958 1038 1057 1040 1051 1065 1048 1049 1054 1057 1050 1049 1061 1059 1056 1050 1049 1050 1048 1051 992 994 933 863 778 660 640 584 564 522 466 480 604 592 561 572 566 488 506 576 700 698 614 656 882 955 824 583 735 778 720 836 840 495 452 452 534 814 780 755 669 760 596 604 514 506 714 898 642 621 655 622 480 573 668 641 704 840 904 911 977 884 518 560 720 900
1050 987 877 1021 1023 1026 1010 1033 1022 1057 1043 1042 1051 1062 1052 1054 1049 1053 1038 1042 1031 1040 1013 967 986 960 833 746 768 759 516 506 467 460 464 454 468 514 557 428 410 461 707 778 676 501 611 661 618 756 906 798 891 925 981 868 656 654 722 915 933 892 792 868 840 702 509 434 543 771 748 874 781 823 817 615 825 676 773 815 931 914 1002 938 677 571 758 676
1024 999 905 914 822 711 806 1060 998 993 1038 1055 1063 1045 1050 1051 1022 1062 1043 1063 1035 1039 1043 1018 1011 1028 976 915 871 838 679 633 554 523 474 479 487 472 577 551 501 464 641 636 567 459 565 517 518 517 597 649 630 541 778 826 879 764 780 881 926 969 894 879 978 894 780 728 473 502 536 786 899 914 777 724 739 777 747 834 936 874 965 941 877 800 770 693
1043 1028 1012 931 882 950 736 834 874 980 920 971 1025 1064 1049 1061 1010 1005 899 1030 1057 1063 1048 1006 956 966 1050 1007 950 903 873 820 759 802 647 507 717 587 534 527 474 475 528 452 457 441 566 601 704 467 749 752 705 704 697 794 750 684 766 954 953 1003 991 986 993 995 850 873 505 409 410 530 622 651 601 669 594 802 831 863 937 911 1001 1007 1020 945 943 1039
1060 1061 995 978 961 1028 983 935 848 1033 927 872 889 966 1041 1003 1018 955 815 861 881 928 966 981 919 954 992 1028 1012 973 819 882 855 950 721 813 828 968 699 541 480 439 447 426 470 469 439 462 582 751 905 857 794 731 504 862 663 685 610 650 753 1011 1010 1034 970 987 923 903 844 493 553 570 696 933 572 575 688 776 564 833 908 907 1018 1001 1057 1045 1029 1054
959 1040 1032 1014 915 1010 1036 995 1018 994 1031 971 980 977 1041 1026 1009 1030 1003 914 1006 1023 999 969 957 896 951 848 791 1006 995 916 927 982 905 992 818 809 823 769 729 564 490 432 464 443 447 486 533 730 933 765 651 504 533 937 521 541 660 468 621 791 612 683 822 960 900 903 1000 978 794 578 671 1004 963 866 708 733 725 817 788 773 1029 1023 1052 1046 1057 1049
