Input/HOURLY_GHI/2015/solar_ghi_20150101_02UT.txt
NCOLS 839
NROWS 679
XLLCORNER 112.025005
YLLCORNER -43.9750009
CELLSIZE 0.0499954
NODATA_VALUE -999
[rows 532 to 569 of 679, columns 688 to 773 of 839]
923 971 970 990 1007 1019 1020 1016 1023 1046 1040 1027 1034 1037 1045 1042 1023 1015 1031 1039 1031 1019 1018 1015 1064 1015 1031 1024 1062 1020 1012 1012 985 1041 1024 1031 1011 978 1002 1013 1021 1028 1040 1031 1037 1044 1052 1056 1053 1061 1060 1058 1061 1062 1062 1063 1065 1064 1063 1061 1059 1058 1056 1054 1041 1034 1034 1035 1030 1028 1020 1018 1018 1018 1018 1018 1018 1018 1018 1018 1018 1018 1018 1036 -999 -999
1009 992 979 1014 998 995 999 998 1017 1034 1059 1058 1043 1035 1052 1058 1042 1032 1018 1026 1026 1022 1017 1013 1014 968 963 962 995 1028 1015 1025 1065 1055 1056 1056 1031 1007 1013 1021 1019 1025 1022 1024 1022 1030 1032 1048 1060 1061 1061 1060 1060 1059 1060 1062 1064 1063 1062 1060 1058 1057 1056 1053 1048 1037 1036 1037 1033 1036 1022 1022 1022 1018 1018 1018 1018 1018 1018 1018 1018 1018 1018 1036 -999 -999
978 929 923 980 1018 1021 1013 985 977 998 1026 1043 1046 1044 1051 1049 1048 1041 1059 1006 1036 1048 1021 979 957 957 993 1004 1022 1026 1041 1048 1048 1068 1062 1050 1049 1032 1025 1035 1024 1015 1022 1019 1040 1021 1010 1014 1034 1058 1059 1059 1060 1058 1060 1061 1062 1063 1063 1059 1059 1057 1054 1051 1048 1044 1036 1033 1034 1029 1025 1025 1025 1025 1025 1018 1018 1018 1018 1018 1018 1018 1018 1036 -999 -999
1007 995 954 964 988 1011 1020 1014 972 945 948 998 1028 1047 1052 1049 1049 1053 1066 1053 1030 1035 1033 1012 1010 1023 1037 1035 1039 1059 1064 1054 1058 1050 1051 1053 1042 1019 1042 1032 1028 1008 985 916 970 1022 1019 1011 1009 1037 1040 1059 1058 1026 1057 1061 1062 1061 1062 1060 1059 1057 1053 1049 1046 1043 1040 1037 1035 1030 1025 1025 1025 1025 1025 1025 1025 1025 1018 1018 1018 1018 1018 1036 -999 -999
968 993 1001 1019 1020 1020 1018 1022 976 952 969 994 1011 1032 1050 1061 1060 1051 1066 1066 1063 1061 1061 1055 1002 1018 1035 1034 1035 1037 1036 1041 1051 1049 1041 1047 1041 1033 1029 1026 1029 1035 1023 971 984 1008 998 1006 930 966 1012 1018 1047 1059 1060 1061 1062 1061 1060 1059 1058 1056 1024 1048 1044 1042 1039 1036 1035 1019 1019 1019 1025 1025 1025 1025 1025 1025 1025 1025 1025 1018 1018 -999 -999 -999
917 916 938 1010 1030 1024 1028 1017 1009 993 996 1026 1020 1029 1045 1059 1050 1043 1065 1063 1061 1061 1062 1058 1042 1034 1039 1036 1039 1038 1048 1053 1044 1056 1063 1062 1044 1047 1025 1021 1015 1023 1041 1029 1015 958 889 1017 1027 993 1029 991 1003 1044 1060 1060 1061 1059 1058 1058 1056 1052 1050 1047 1043 1041 1031 1028 1010 1019 1019 1019 1019 1019 1025 1025 1025 1025 1025 1025 1025 1018 1018 -999 -999 -999
946 955 931 908 969 1021 1022 1027 1021 1026 1028 1012 1006 1020 1039 1065 1065 1066 1064 1064 1062 1060 1050 1055 1053 1059 1051 1036 1055 1035 1046 1049 1048 1055 1059 1060 1046 1039 1043 1033 1024 1008 1026 1028 1009 992 982 977 1003 1023 1034 1023 1012 1027 1060 1059 1060 1063 1058 1057 1054 1050 1048 1006 1013 1033 1017 923 1036 1036 1023 1023 1023 1023 1023 1023 1023 1025 1025 1025 1025 1018 1018 -999 -999 -999
999 990 954 892 899 916 966 976 1028 1026 1031 1029 1025 1019 1029 1025 1040 1064 1063 1060 1058 1055 1039 1038 1057 1056 1056 1056 1057 1037 1019 1048 1031 1037 1029 1037 1044 1048 1043 1030 1025 1014 1017 1017 1019 1012 1002 1013 1020 1034 1040 1044 1029 1055 1060 1060 1060 1059 1056 1054 1052 1050 1047 1044 1043 1023 980 834 1021 1023 1023 1023 1023 1023 1023 1028 1028 1028 1028 1028 1028 1018 -999 -999 -999 -999
937 965 841 836 840 831 907 938 964 1013 1002 1019 1028 1027 1017 996 1043 1052 1063 1063 1061 1049 1055 1045 1045 1053 1052 1036 1029 1029 1034 1026 1015 1049 1022 1012 1014 1038 1041 1021 1012 1024 1029 1031 1009 1014 1017 1017 1031 1059 1059 1056 1052 1046 1058 1060 1058 1056 1054 1051 1049 1048 1044 1042 1040 1040 1012 937 1009 1022 1022 1022 1028 1028 1028 1028 1028 1028 1028 1028 1028 1018 -999 -999 -999 -999
737 836 873 820 883 892 803 765 858 983 954 969 994 1001 1020 1041 1040 1036 1057 1047 1034 1015 1044 1041 1045 1052 1042 982 1042 1036 1054 1044 1042 1056 1054 1025 1030 1033 1013 1008 1019 1023 1021 1020 1026 1010 1019 1021 1057 1056 1060 1060 1053 1058 1057 1057 1053 1032 1023 1039 1045 1045 1043 1037 1039 1039 1038 1031 1033 1022 1028 1028 1028 1028 1028 1028 1028 1028 1028 1028 1028 1018 -999 -999 -999 -999
876 829 829 810 767 803 813 746 705 771 822 908 887 912 952 1023 1048 1041 1038 1038 1020 1037 1008 973 971 999 999 1007 1050 1051 1051 1053 1055 1029 1028 1024 1012 1015 981 990 1000 992 1009 1033 1041 1035 1025 1003 985 1034 1059 1058 1058 1056 1049 1053 1045 1022 1042 1047 1038 1036 1043 1043 1041 1039 1035 1037 1037 1032 1028 1028 1028 1028 1028 1028 1028 1028 1028 1028 1028 -999 -999 -999 -999 -999
975 979 868 864 886 900 793 726 672 711 704 745 818 820 836 903 953 983 1003 991 990 962 976 980 920 992 1014 1020 1027 1030 1037 1051 1034 1011 1011 1010 981 965 986 965 978 968 983 1023 1009 1015 1014 1016 1019 1028 1040 1022 1047 1053 1034 1029 1040 1020 1034 1046 1037 1045 1021 1032 1042 1039 1038 1037 1037 1036 1035 1035 1035 1035 1035 1035 1035 1035 1035 1035 1035 -999 -999 -999 -999 -999
997 999 972 958 968 976 945 780 719 734 752 685 720 740 764 824 848 875 912 942 939 987 984 818 888 948 1019 1031 1011 1012 1005 989 987 1004 1011 1015 984 979 960 947 969 982 984 987 943 887 936 966 1016 1038 996 1042 1011 995 1016 1019 1019 996 1018 1043 1034 1031 1010 972 964 1019 1038 1025 1038 1037 1033 1033 1033 1033 1033 1033 1033 1033 1033 1033 1033 -999 -999 -999 -999 -999
999 1005 980 973 977 937 930 903 858 879 782 725 690 714 733 722 791 819 869 866 930 972 1005 873 863 930 956 991 1008 1008 948 856 976 998 1017 998 997 949 893 935 950 988 990 1002 1015 962 952 911 954 988 1002 1009 1013 1004 1009 987 996 942 1015 1039 1024 1037 1010 1024 1025 1022 1025 1028 1027 1034 1033 1033 1033 1033 1033 1033 1033 1033 1033 1033 1033 -999 -999 -999 -999 -999
995 1017 1006 985 974 1003 998 998 961 928 936 857 755 736 782 778 789 772 828 868 927 970 989 980 942 993 945 979 972 962 948 873 978 1009 1020 1011 1006 992 914 951 921 872 896 906 899 902 936 951 973 980 967 988 991 977 975 957 948 987 1007 1008 1017 1021 1038 1027 1012 1016 1014 1013 1029 1038 1038 1038 1033 1033 1033 1033 1033 1033 1033 1033 1033 -999 -999 -999 -999 -999
1011 1017 1004 1007 997 997 1018 1038 1036 971 990 946 844 834 858 849 839 847 829 804 830 921 916 886 957 956 898 880 1009 1041 988 954 976 984 1003 1010 1012 998 996 991 938 890 910 885 882 875 855 860 881 941 984 1011 1008 991 998 972 978 1029 994 982 978 1011 1011 998 1006 1013 1003 1009 1022 1029 1029 1029 1037 1037 1037 1037 1037 1037 1037 1037 1037 -999 -999 -999 -999 -999
1023 1038 963 977 998 1001 1006 1050 1031 1043 1036 1040 1015 964 938 931 905 907 874 809 791 741 831 824 936 954 956 1008 974 985 1005 972 968 993 999 1021 1017 1016 1014 993 986 964 943 898 866 843 877 831 845 893 930 899 986 964 959 975 976 945 971 997 1002 1012 985 943 969 984 983 1008 1016 1017 1017 1037 1037 1037 1037 1037 1037 1037 1037 1037 1037 -999 -999 -999 -999 -999
693 844 846 895 982 958 943 1013 1017 1028 1044 1046 973 967 979 976 964 953 876 879 839 740 764 849 879 941 999 1007 1019 1008 959 996 993 1001 1028 1021 1032 1021 1007 1000 999 990 970 946 933 883 886 928 864 876 897 884 910 916 933 969 959 965 1004 1015 1023 1031 1030 1024 1018 970 992 1033 1039 1038 1037 1037 1037 1037 1037 1037 1037 1037 1037 1037 1037 -999 -999 -999 -999 -999
474 753 741 903 1001 960 978 1006 1045 1013 1012 1010 1023 930 955 1030 988 960 872 945 886 841 836 804 744 861 902 937 982 991 975 1008 998 1006 1022 1036 1030 1009 1006 1005 999 1000 978 976 931 906 906 889 849 876 883 879 869 896 930 979 981 967 999 1028 1036 1037 1039 1039 1039 1020 992 1033 1039 1038 1037 1037 1037 1037 1037 1037 1037 1037 1037 1037 1037 -999 -999 -999 -999 -999
429 511 638 950 1032 987 1027 1012 1044 1043 912 990 1036 1023 1002 980 955 860 935 940 788 867 800 819 795 855 879 853 818 941 991 1000 1013 1004 1007 1001 1013 1012 1010 1006 1007 992 980 973 970 940 925 937 894 889 874 830 866 914 946 964 963 989 989 1024 1018 1022 1015 1020 1022 1031 1031 1033 1039 1038 1037 1037 1037 1037 1037 1037 1037 1037 1037 1037 1037 -999 -999 -999 -999 -999
352 443 575 912 1007 1016 984 1029 1041 1041 1040 1007 1008 992 978 985 958 843 783 909 808 848 851 905 936 905 895 820 834 884 953 978 991 1006 1003 1005 988 1004 1008 1015 1013 1006 999 962 952 969 960 947 960 931 907 865 897 924 925 934 963 987 1001 1002 1012 1011 1005 1002 1014 1031 1031 1031 1039 1038 1037 1037 1037 1037 1037 1037 1037 1037 1037 1037 1037 -999 -999 -999 -999 -999
381 419 575 743 811 899 997 986 1024 1010 1021 1015 1024 1002 995 986 966 904 699 636 686 827 887 932 963 975 904 797 829 906 945 935 944 942 983 1010 984 965 969 1010 1023 1012 1009 1013 978 977 973 953 965 945 962 943 930 896 904 937 951 990 964 974 1010 1014 1005 992 1014 1014 1031 1031 1031 1038 1037 1037 1037 1037 1037 1037 1037 1037 1037 1037 1037 -999 -999 -999 -999 -999
480 575 919 862 596 585 855 984 951 948 987 989 987 1020 1017 990 934 850 821 763 762 831 887 913 920 966 980 954 895 859 779 828 892 908 892 924 948 927 938 970 979 993 1006 988 1001 994 968 971 1006 1037 996 998 1028 987 1005 1015 978 980 934 956 1010 1024 1005 992 992 1014 1014 1031 1031 1038 1037 1037 1037 1037 1037 1037 1037 1037 1037 1037 1037 -999 -999 -999 -999 -999
670 715 861 880 548 541 651 736 858 962 992 1019 1006 1013 1010 991 862 959 961 912 879 854 808 835 866 929 986 998 995 962 850 827 934 931 935 931 956 930 930 972 1001 970 968 1007 1036 1018 1034 971 1006 1037 996 998 1028 987 1005 1015 978 980 934 956 1010 1024 1024 992 992 992 1014 1014 1031 1031 1037 1037 1037 1037 1037 1037 1037 1037 1037 1037 1037 -999 -999 -999 -999 -999
458 470 459 514 507 492 593 583 782 872 903 998 1027 1021 1002 990 1006 998 1010 629 805 873 849 868 858 833 929 1003 1032 1011 1002 957 940 983 935 931 956 930 930 972 1001 970 968 1007 1036 1018 1034 1034 1006 1037 996 998 1028 987 1005 1015 978 980 934 956 1010 1024 1024 1024 992 992 992 1014 1014 1031 1037 1037 1037 1037 1037 1037 1037 1037 1037 1037 1037 -999 -999 -999 -999 -999
227 297 333 353 362 358 491 612 747 927 946 927 995 1030 1025 1004 1005 1024 815 504 732 903 863 873 904 877 872 981 1012 1003 1002 957 940 983 983 931 956 930 930 972 1001 970 968 1007 1036 1018 1034 1034 1034 1037 996 998 1028 987 1005 1015 978 980 934 956 1010 1024 1024 1024 992 992 992 992 1014 1014 1031 1037 1037 1037 1037 1037 1037 1037 1037 1037 1037 -999 -999 -999 -999 -999
209 213 256 267 252 292 395 600 546 889 986 971 999 1022 1036 1022 1011 771 583 532 622 809 875 855 809 895 930 922 1012 1003 1003 957 940 983 983 983 956 930 930 972 1001 970 968 1007 1036 1018 1034 1034 1034 1037 996 998 1028 987 1005 1015 978 980 934 956 1010 1024 1024 1024 1024 992 992 992 992 1014 1014 1037 1037 1037 1037 1037 1037 1037 1037 1037 1037 -999 -999 -999 -999 -999
293 242 267 305 228 321 433 462 540 813 991 1001 1018 1025 1024 1017 895 408 433 544 607 623 637 754 645 655 930 922 922 1003 1003 1003 940 983 983 983 956 930 930 972 1001 970 968 1007 1036 1018 1034 1034 1034 1037 996 998 1028 987 1005 1015 978 980 934 956 1010 1024 1024 1024 1024 992 992 992 992 992 1014 1014 1037 1037 1037 1037 1037 1037 1037 1037 1037 -999 -999 -999 -999 -999
327 278 255 274 228 213 288 352 482 880 988 998 992 1013 1012 996 895 408 433 544 777 642 550 532 645 655 655 922 922 922 1003 1003 940 983 983 983 956 930 930 972 1001 970 968 1007 1036 1018 1034 1034 1034 1034 996 998 1028 987 1005 1015 978 980 934 956 1010 1024 1024 1024 1024 1024 992 992 992 992 992 1014 1014 1031 1031 1031 -999 -999 -999 -999 -999 -999 -999 -999 -999 -999
358 316 291 262 221 214 261 427 538 518 644 980 1002 995 1008 994 994 408 807 933 933 877 550 532 532 655 655 655 922 922 1003 1003 940 983 983 983 983 930 930 972 1001 970 968 1007 1036 1018 1034 1034 1034 1034 996 998 1028 987 1005 1015 978 980 934 956 1010 1024 1024 1024 1024 1024 992 992 992 992 992 992 1014 1014 1031 1031 -999 -999 -999 -999 -999 -999 -999 -999 -999 -999
514 435 364 322 243 229 238 347 402 369 370 629 1004 1015 1018 1002 1002 428 807 807 932 877 877 532 532 532 655 655 922 922 922 1003 1003 983 983 983 983 930 930 972 1001 970 968 1007 1036 1018 1034 1034 1034 1034 996 998 1028 987 1005 1015 978 980 934 956 1010 1024 1024 1024 1024 1024 1024 992 992 992 992 992 992 1014 1014 -999 -999 -999 -999 -999 -999 -999 -999 -999 -999 -999
892 517 392 331 241 216 209 242 262 294 409 474 489 854 1018 1014 831 428 536 932 932 932 877 877 532 532 655 655 655 922 922 1003 1003 983 983 983 983 930 930 972 1001 970 968 1007 1036 1018 1034 1034 1034 1034 1034 998 1028 987 1005 1015 978 980 934 956 1010 1024 1024 1024 1024 1024 1024 992 992 992 992 992 992 992 -999 -999 -999 -999 -999 -999 -999 -999 -999 -999 -999 -999
944 614 461 344 246 211 221 223 227 214 259 323 381 610 934 941 583 437 536 932 932 932 932 877 532 532 532 655 655 922 922 922 1003 983 983 983 983 983 930 972 1001 970 968 1007 1036 1018 1034 1034 1034 1034 1034 998 1028 987 1005 1015 978 980 934 956 1010 1024 1024 1024 1024 1024 1024 1024 1024 1024 1024 1024 -999 -999 -999 -999 -999 -999 -999 -999 -999 -999 -999 -999 -999 -999
1002 821 501 443 380 292 245 253 239 202 199 227 283 427 517 807 538 437 437 932 932 932 932 932 877 532 532 655 655 655 922 922 1003 1003 983 983 983 983 930 972 1001 970 968 1007 1036 1018 1034 1034 1034 1034 1034 1034 1034 1034 1034 1034 1034 -999 -999 -999 -999 -999 -999 -999 -999 -999 -999 -999 -999 -999 -999 -999 -999 -999 -999 -999 -999 -999 -999 -999 -999 -999 -999 -999 -999 -999
1026 871 564 463 476 440 363 292 273 201 191 192 199 297 403 434 538 538 437 437 932 932 932 932 932 532 532 532 655 655 922 922 922 1003 983 983 983 983 983 983 983 983 983 983 -999 -999 -999 -999 -999 -999 -999 -999 -999 -999 -999 -999 -999 -999 -999 -999 -999 -999 -999 -999 -999 -999 -999 -999 -999 -999 -999 -999 -999 -999 -999 -999 -999 -999 -999 -999 -999 -999 -999 -999 -999 -999
1030 1031 1026 877 808 654 524 450 415 307 215 193 189 195 285 434 434 538 538 437 932 932 932 932 932 932 532 532 655 655 655 922 922 1003 1003 1003 1003 1003 1003 1003 -999 -999 -999 -999 -999 -999 -999 -999 -999 -999 -999 -999 -999 -999 -999 -999 -999 -999 -999 -999 -999 -999 -999 -999 -999 -999 -999 -999 -999 -999 -999 -999 -999 -999 -999 -999 -999 -999 -999 -999 -999 -999 -999 -999 -999 -999
1013 1011 980 1020 1028 944 884 574 511 458 267 212 209 195 285 285 434 434 538 538 437 932 932 932 932 932 932 532 532 655 655 922 922 922 922 922 922 922 -999 -999 -999 -999 -999 -999 -999 -999 -999 -999 -999 -999 -999 -999 -999 -999 -999 -999 -999 -999 -999 -999 -999 -999 -999 -999 -999 -999 -999 -999 -999 -999 -999 -999 -999 -999 -999 -999 -999 -999 -999 -999 -999 -999 -999 -999 -999 -999
1004 1010 976 890 1035 1017 1003 742 529 458 324 246 209 209 285 285 285 434 434 538 538 932 932 932 932 932 932 532 532 655 655 655 655 655 655 655 -999 -999 -999 -999 -999 -999 -999 -999 -999 -999 -999 -999 -999 -999 -999 -999 -999 -999 -999 -999 -999 -999 -999 -999 -999 -999 -999 -999 -999 -999 -999 -999 -999 -999 -999 -999 -999 -999 -999 -999 -999 -999 -999 -999 -999 -999 -999 -999 -999 -999
