Input/HOURLY_GHI/2015/solar_ghi_20150101_03UT.txt
NCOLS 839
NROWS 679
XLLCORNER 112.025005
YLLCORNER -43.9750009
CELLSIZE 0.0499954
NODATA_VALUE -999
[rows 351 to 389 of 679, columns 264 to 351 of 839]
1099 1104 1100 1102 1097 1086 1086 1099 1067 1101 1053 1094 1088 1092 1102 1086 1101 1064 1045 857 1104 1077 1036 1103 1067 1067 1042 1026 950 1100 1065 1065 671 1069 927 913 893 799 1029 1061 847 904 994 922 1067 1038 1008 1067 1072 1065 1061 1063 1055 1049 1048 581 935 1034 1023 1030 723 984 776 1005 1045 1009 1055 1036 939 881 617 425 593 367 271 328 275 232 222 361 610 1050 1068 1019 1036 887 1036 1018
1090 1094 1097 1103 1096 1090 1088 1074 1067 1075 1089 1093 1071 1059 1069 1046 1104 1070 661 574 1099 1081 1054 1076 1052 1080 1046 950 1042 1035 1103 1079 1060 1041 1061 1082 966 1035 1028 1054 1042 1051 1065 1020 1071 1074 1060 1074 1052 1060 1089 1067 1067 1068 1047 1010 1001 848 786 1044 1013 1039 1046 981 795 997 738 777 1028 1044 761 322 356 461 476 415 444 442 391 430 496 705 1019 1048 550 647 758 949
1067 1085 1086 1090 1069 1081 1100 1061 1087 1099 1076 1074 1066 1027 1043 557 1060 1073 1054 1060 1075 1087 1088 1090 1069 1054 1089 959 1051 1051 941 1106 1054 1061 1007 1055 1066 1065 1052 1056 1049 1073 1081 1079 1081 1069 1071 1067 1064 1011 1045 1048 1090 1069 1065 1069 1070 1060 1058 1023 1034 1067 1017 1082 843 976 906 990 770 1039 718 620 584 438 263 325 461 801 916 904 786 857 919 903 515 478 504 406
1075 1079 1106 1095 1102 1069 1073 1012 1080 1079 1085 1084 1070 1093 1082 1025 1075 1068 1061 1080 1089 1076 1082 1097 1089 968 974 1065 1069 1075 1021 1034 1078 1087 1075 1071 1066 1079 1071 997 1102 1074 1081 1078 1078 1081 1061 1061 1078 1072 1073 1040 1067 1079 1069 1043 1055 1067 1063 1048 992 1045 964 937 1045 959 988 895 956 913 774 985 963 461 275 229 404 524 657 1046 937 674 1069 1012 829 458 735 342
1106 1057 1053 1046 1067 900 1069 1039 1085 1085 1097 1062 1049 1031 1060 1054 1100 1074 1089 1094 1090 1073 1069 1069 1061 1058 927 1045 1053 1104 1079 1084 1084 1075 1076 1070 1061 1060 1075 975 1058 1095 1078 1081 1071 1078 1085 1059 1078 1081 1074 1076 1068 1065 1077 1065 1069 1046 1070 1069 1070 1066 1042 1050 1065 1036 976 1018 1001 970 882 1037 752 484 536 279 361 807 865 1004 932 935 991 1040 886 719 954 726
1066 1078 1097 1089 1078 1036 1061 1079 1055 1077 1095 1087 1041 1080 1025 1019 1090 1090 1084 1093 1091 1082 1098 1074 1092 1084 1053 948 660 1070 1084 1087 1085 1071 1094 1090 1092 1093 845 1041 969 1058 1061 1068 1084 1073 1070 1072 1090 1084 1081 1082 1075 1076 1071 1069 1070 1077 1063 1092 1052 1086 1061 1065 1065 1050 1071 1062 1041 991 461 513 839 862 781 907 511 927 1057 888 1071 1012 1051 1043 858 892 677 936
1088 1096 1091 1098 1100 1089 1086 1095 1095 1096 1099 1099 1085 1095 1084 1077 1084 1089 1092 1096 1096 1093 1090 1091 1063 1101 1046 989 1059 1078 1081 1080 1086 1079 1074 1074 1070 1077 1067 1069 1103 1048 1083 1069 1086 1080 1087 1077 1090 1072 1035 1092 1078 1085 1080 1080 1081 1075 1068 1075 1054 1064 1051 1064 1036 1035 1036 1065 1059 1054 1026 1060 1008 985 894 607 926 985 907 973 1055 1031 1004 931 685 701 951 996
1101 1105 1103 1099 1091 1095 1097 1099 1100 1096 1098 1087 1090 1084 1087 1084 1082 1082 1091 1079 1073 1082 1090 1082 1063 1053 1075 1072 1072 1080 1066 1066 1074 1086 1065 1083 1091 1057 1070 1024 1047 1102 1067 1066 1082 1075 1078 1072 1077 1081 1075 1054 1084 1079 1082 1079 1063 1095 1071 1045 1035 1063 1034 1073 1069 1060 955 1061 1035 961 1013 914 1009 879 1041 1026 989 1008 941 838 1070 1020 1020 902 960 707 721 839
1092 1090 1100 1103 1097 1103 1094 1099 1088 1091 1084 1085 1092 1090 1093 1095 1090 1091 1084 1087 1093 1074 1074 1088 1082 1079 1093 1085 1094 1082 1081 1091 1088 1071 1067 1048 917 1098 1100 1085 971 1069 1000 1074 1071 969 930 1023 1056 1087 1076 1033 1101 1077 1080 1077 1049 1073 862 1062 1033 1053 1081 948 990 1071 1068 1065 1068 970 1058 1080 1058 1040 1004 679 739 1034 1017 986 922 960 1065 779 592 705 871 1025
1098 1093 1097 1095 1102 1093 1092 1092 1099 1101 1095 1095 1091 1095 1095 1092 1099 1098 1096 1082 1085 1087 1096 1079 1079 1093 1086 1093 1088 1088 1092 1093 1081 1077 1086 1086 1011 1003 1024 1059 1057 930 1077 1047 1075 1060 1037 1040 1070 1079 1069 1050 1087 1100 1085 1079 1076 1083 1047 1058 1023 604 1086 1062 1056 913 1075 946 1030 1018 1068 1050 1083 1067 1031 809 464 961 1066 1035 1055 1040 940 981 937 1032 726 497
1093 1101 1094 1089 1087 1088 1098 1096 1091 1090 1086 1087 1088 1080 1083 1083 1089 1089 1091 1095 1101 1086 1076 1084 1087 1090 1084 1087 1082 1078 1091 1089 1084 1093 1095 1087 1082 1079 1094 1069 1079 1074 1038 1001 1096 1033 1041 1041 966 999 1100 1059 1012 1066 1077 1099 1016 1084 1086 1048 1031 976 1036 1009 1061 1078 1061 1054 1078 1013 1062 967 1071 1087 1031 992 968 890 893 792 1052 1051 1031 785 868 479 672 458
1093 1084 1086 1090 1080 1081 1085 1085 1077 1088 1093 1094 1086 1090 1085 1085 1094 1088 1094 1080 1088 1085 1098 1091 1079 1097 1080 1087 1084 1094 1099 1091 1076 1068 1077 1074 1086 1080 1081 1082 1077 1072 1071 937 1053 1095 980 1046 971 725 1098 1096 1076 1077 1008 1087 1074 1021 1077 943 1098 1032 1015 1028 1027 1098 1060 958 1021 1073 1008 1028 1017 1011 1057 1040 1059 1028 1036 914 1084 856 1054 1007 1000 925 1069 1030
1094 1093 1084 1085 1094 1094 1095 1096 1085 1086 1085 1077 1078 1070 1084 1093 1086 1082 1097 1098 1091 1081 1072 1099 1053 1060 1093 1090 1088 1079 1075 1085 1085 1094 1081 1078 1086 1082 1079 1084 1080 1048 1056 1047 838 749 846 917 676 1025 870 1057 1097 1075 1051 902 1052 1035 1061 1086 1061 1054 1098 1010 655 924 1030 1041 943 1014 1098 992 1009 738 986 1028 1094 1015 879 772 912 1043 1068 946 1063 1027 1058 971
1095 1095 1097 1097 1091 1095 1089 1075 1071 1077 1081 1086 1086 1091 1087 1083 1086 1091 1093 1085 1087 1077 1016 1048 1080 1084 1097 1083 1084 1081 1098 1087 1098 1097 1074 1083 1070 1075 1065 1061 1069 1070 1019 1013 931 1069 976 655 942 512 986 970 940 1093 1086 937 983 1071 796 796 983 576 977 1075 886 1018 997 1097 680 638 1026 1070 1062 1029 1046 560 944 549 826 421 682 966 1095 1084 1012 934 1096 1029
1099 1099 1096 1096 1096 1099 1094 1091 1092 1092 1081 1093 1094 1091 1095 1097 1096 1097 1090 1089 1078 1091 1086 1086 1091 1097 1090 1093 1090 1099 1095 1084 1074 1082 1075 1074 1072 1072 1077 1078 1072 1073 1052 997 696 898 970 680 1017 817 1015 1034 851 896 1063 1032 981 1073 1054 952 1098 951 1019 1043 1069 1032 584 1013 965 943 1065 1043 1049 1040 1058 938 810 472 481 401 348 433 619 1094 1050 1055 755 1061
1082 1100 1095 1094 1098 1095 1096 1097 1093 1094 1082 1083 1091 1087 1083 1093 1083 1093 1084 1083 1083 1085 1084 1100 1076 1093 1090 1087 1086 1083 1093 1088 1089 1074 1075 1067 1072 1072 1072 1080 1044 1094 1081 874 1069 1074 1018 942 907 940 928 948 1057 1094 1041 1048 966 1035 914 580 967 924 963 980 992 1058 821 726 1061 923 1080 1065 1006 1074 1024 1038 1049 1050 856 679 367 302 403 701 934 964 1056 1044
1094 1084 1081 1082 1091 1093 1088 1080 1089 1087 1096 1095 1090 1090 1086 1088 1074 1074 1083 1096 1095 1089 1083 1078 1096 1086 1087 1089 1083 1096 1087 1089 1090 1072 1086 1075 1078 1071 1093 1059 1005 1048 1094 1051 966 1067 848 811 1074 1059 1047 1059 1041 998 1020 1076 1050 1069 1059 703 670 809 1072 1022 1053 1091 1045 1055 1034 950 1058 759 837 1095 994 789 530 793 998 1010 899 816 883 968 670 1052 933 954
1084 1082 1085 1079 1091 1089 1096 1090 1093 1092 1079 1083 1087 1069 1071 1081 1071 1094 1094 1072 1079 1079 1093 1084 1081 1089 1096 1095 1099 1099 1072 1066 1066 1076 1090 1069 1021 1075 887 1035 990 850 1018 1096 1072 1073 1048 639 920 753 1066 855 1061 1075 1023 1069 1041 1071 1057 1057 1000 712 687 1051 962 957 1049 1068 1065 1062 1046 1053 949 1024 1015 999 975 1040 1089 852 746 456 504 563 822 1053 533 1040
1094 1093 1091 1088 1086 1091 1087 1089 1094 1093 1092 1084 1073 1076 1059 1062 1073 1089 1081 1083 1078 1070 1057 1068 1086 1074 1087 1081 1092 1083 1065 1095 1091 1068 1067 1063 515 1045 1053 1096 1091 1075 1067 1075 1082 1075 1059 1079 1069 1058 1075 1085 1031 1029 1069 1090 1074 1071 1069 1072 1071 1063 987 848 1072 1059 947 1070 1029 1088 1075 1069 1056 1029 1060 1036 1028 880 1042 818 1029 661 611 753 831 851 1036 1067
1089 1094 1096 1094 1094 1093 1088 1090 1083 1089 1090 1092 1070 1059 1059 1073 1067 1066 1068 1068 1088 1094 1085 1080 1085 1077 1069 1084 1090 1067 1008 951 1049 1032 1058 999 951 1044 1052 1067 1070 1082 1081 1083 1074 1076 1020 1074 1063 1057 1068 982 1077 1070 989 1031 1084 1067 1074 1023 1088 1053 1051 1056 1063 1070 1066 1048 954 1072 1071 1073 1059 1061 1059 1032 1061 1057 1047 1052 1050 1048 1023 1062 1065 1062 1073 1069
1092 1094 1089 1079 1091 1087 1089 1087 1092 1092 1091 1086 1076 1071 1074 1080 1075 1085 1085 1093 1084 1087 1092 1094 1095 1092 1095 1091 1067 1082 1090 1088 1090 1085 1035 1065 1086 1081 1082 1078 1080 1080 1074 1078 1080 1074 1073 1077 1070 1078 1089 1094 1086 1062 1058 1036 1093 1080 1086 1076 1089 1074 1052 1073 1072 1059 1076 1081 1085 1077 1040 1063 1064 1070 1071 1048 1085 1041 1054 1068 1050 1050 1058 1042 1028 1054 1080 1068
1093 1085 1071 1093 1091 1095 1094 1088 1086 1077 1093 1090 1088 1092 1091 1075 1088 1093 1091 1094 1087 1091 1093 1094 1090 1091 1091 1094 1096 1095 1091 1093 1096 1088 1075 1089 1083 1084 1068 1053 1045 1049 1058 1067 1078 1080 1082 1081 1082 1070 1016 1074 1078 1071 1061 1043 1082 1048 1056 1047 1066 1077 1066 1054 1064 1019 1073 1054 1081 1076 1071 1070 1072 1065 1069 925 1043 1059 1046 1068 1074 1037 1055 1075 1062 1012 1059 1072
1088 1091 1094 1091 1093 1092 1095 1094 1094 1093 1092 1093 1090 1078 1090 1090 1088 1084 1092 1087 1094 1095 1089 1086 1082 1089 1094 1091 1086 1084 1083 1087 1079 1088 1089 1091 1087 1086 1069 1064 1071 1061 1065 1083 1087 1084 1088 1088 1086 1090 1081 1075 1067 1066 1074 912 1070 1068 1050 1035 1084 1075 1069 1077 1092 1068 1065 1051 1077 1059 1077 1083 1059 1080 1051 1079 1095 1082 971 1095 1076 1072 1034 889 1060 1066 1075 1035
1093 1092 1094 1093 1082 1084 1091 1094 1095 1092 1083 1078 1091 1074 1079 1083 1089 1087 1094 1092 1080 1075 1083 1089 1088 1086 1083 1074 1089 1088 1092 1088 1093 1079 1091 1088 1084 1085 1076 1092 1087 1072 1073 1080 1087 1090 1088 1082 1095 1074 1083 1067 1057 1052 1056 1084 1062 1084 1078 1064 1094 1076 1069 1020 1056 1078 1078 1070 1077 1075 1077 1063 1073 1075 1073 971 1034 1069 1053 1089 1032 1059 1074 1010 1093 1075 1072 1066
1086 1092 1082 1079 1084 1078 1081 1091 1095 1085 1087 1078 1086 1073 1079 1074 1076 1071 1074 1065 1080 1086 1087 1093 1086 1095 1087 1094 1087 1090 1092 1090 1091 1086 1072 1070 1062 1065 1070 1072 1075 1076 1076 1031 1094 1074 1095 1051 1094 1067 1095 1065 1094 1067 1057 1090 1079 1083 1087 1038 1051 1058 1032 1077 1084 1066 1066 1073 1078 1073 1091 1081 1087 1062 1065 1058 1085 1058 907 1096 995 994 1034 779 1067 1082 1064 1092
1070 1080 1089 1084 1081 1082 1087 1077 1086 1076 1084 1087 1081 1077 1084 1091 1075 1081 1085 1079 1074 1080 1085 1086 1080 1069 1066 1075 1089 1088 1074 1076 1081 1071 1079 1080 1089 1079 1078 1073 1078 1078 1076 1054 1093 1040 1079 1072 1037 1049 1094 965 1069 1083 1094 1094 1093 1071 1090 1085 1083 1073 1087 992 1080 1067 1055 1091 1081 881 999 1039 1092 1082 1047 1039 1037 1045 985 860 1027 1017 1064 975 1042 1052 1000 942
1080 1082 1086 1083 1083 1082 1087 1085 1078 1090 1090 1090 1086 1091 1091 1092 1090 1092 1091 1092 1088 1086 1074 1068 1075 1079 1079 1075 1070 1070 1077 1064 1071 1081 1086 1083 1082 1083 1084 1084 1084 1082 1077 1055 1058 1076 1056 1086 1086 1058 1050 1084 1087 1077 974 1094 1056 1079 1045 1079 1080 1064 1050 1091 1079 1090 1019 1028 1092 1031 988 941 919 1071 1015 1002 1054 1030 689 835 1047 1033 919 974 1038 991 1068 948
1083 1078 1071 1079 1073 1081 1086 1088 1089 1090 1090 1091 1091 1092 1092 1081 1082 1081 1072 1071 1079 1079 1074 1085 1087 1084 1082 1073 1075 1080 1085 1088 1080 1085 1088 1086 1087 1090 1093 1085 1092 1088 1084 1082 1074 1084 1027 1055 1087 1085 1076 1074 1069 1088 1062 1080 1067 1093 1068 1093 1058 1093 1063 1089 1069 1060 1085 965 984 1031 1032 1034 788 1068 742 1022 1059 1066 993 1019 1035 827 839 959 1055 1070 1076 1071
1085 1079 1083 1083 1083 1083 1083 1085 1082 1086 1082 1091 1083 1091 1086 1084 1092 1082 1085 1090 1090 1087 1089 1087 1089 1090 1085 1089 1066 1083 1085 1083 1077 1090 1087 1088 1082 1093 1089 1089 1092 1078 1087 1087 1084 1088 1085 1069 1071 1076 1072 1051 1052 1049 1066 1063 1042 1080 1053 1070 1050 1059 1063 1085 1059 1093 1028 703 1053 1047 1055 1053 1038 1043 955 904 1023 1038 1082 1056 1037 1045 1049 972 1046 1049 1072 1072
1071 1072 1076 1071 1076 1075 1072 1072 1072 1074 1079 1084 1081 1088 1080 1077 1079 1086 1088 1088 1088 1088 1085 1087 1089 1086 1090 1033 985 1036 1070 1068 1072 1080 1076 1080 1086 1081 1092 1085 1090 1081 1077 1079 1074 1082 1070 1076 1072 1079 1085 1053 1026 1069 1081 1072 1082 1068 1081 1030 1077 1081 1089 1094 1044 1056 1084 1063 1073 1084 1077 1095 1083 1072 1080 1081 1023 1032 987 1082 1079 896 1063 1074 1071 1043 1071 1071
1075 1070 1072 1080 1080 1078 1075 1077 1081 1080 1079 1072 1081 1069 1079 1085 1073 1085 1092 1090 1090 1087 1086 1089 1090 1064 1075 1007 1028 1044 1083 1078 1076 1083 1083 1072 1073 1070 1061 1083 1077 1090 1090 1087 1086 1082 1086 1086 1083 1083 1072 1066 1016 1015 1075 1069 1062 1065 1081 1066 1087 1090 1078 1083 1063 1088 1083 1080 1082 1080 1053 1068 1090 1085 1091 1076 1078 1084 1062 1051 1065 1076 1065 1072 1077 1056 1086 1027
1072 1080 1076 1074 1075 1074 1082 1083 1079 1083 1087 1085 1081 1088 1071 1082 1085 1081 1082 1078 1080 1082 1087 1082 1082 1088 1079 1052 1059 1063 1069 1063 1063 1079 1081 1088 1092 1088 1092 1065 1067 1089 1089 1063 1076 1085 1093 1089 1088 1082 1064 1076 1056 1036 1089 1069 1045 1070 1073 1060 1076 1083 1089 1080 1086 1088 1089 1089 1094 1089 1084 1070 1072 1078 1086 1089 1074 1089 1077 1064 1083 1082 1039 1088 1045 1061 1091 1060
1077 1082 1079 1081 1071 1076 1076 1076 1081 1079 1074 1074 1066 1065 1074 1075 1081 1082 1077 1085 1078 1081 1081 1085 1079 1066 1075 1072 1064 1066 1073 1081 1081 1073 1078 1082 1071 1065 1072 1089 1085 1073 1056 1074 1084 1081 1057 1058 1077 1081 1061 1091 1090 1082 1082 1050 1062 1037 1054 1004 1073 1070 1078 1076 1087 1083 1080 1079 1090 1090 1091 1090 1090 1087 1090 1088 1088 1092 1085 1080 1082 1084 1045 1058 1051 965 1054 1043
1082 1083 1083 1075 1075 1078 1077 1069 1070 1067 1062 1066 1075 1079 1077 1075 1076 1078 1086 1088 1080 1083 1084 1078 1078 1070 1069 1068 1071 1073 1078 1079 1077 1083 1081 1079 1073 1058 1064 1077 1074 1086 1091 1085 1089 1079 1082 1080 1083 1084 1068 1060 1056 1080 1086 1083 1079 1070 1085 1083 1073 1077 1079 1077 1073 1081 1084 1083 1074 1071 1051 1053 1086 1086 1086 1089 1083 1084 1087 1089 1089 1088 1076 1077 1085 1061 1061 1052
1076 1072 1073 1078 1075 1076 1075 1074 1079 1074 1077 1079 1078 1074 1074 1083 1075 1075 1073 1069 1082 1070 1076 1078 1069 1072 1076 1081 1082 1083 1089 1084 1077 1077 1083 1076 1080 1080 1081 1087 1085 1078 1069 1078 1078 1076 1078 1081 1079 1085 1084 1084 1085 1086 1088 1085 1084 1082 1082 1084 1083 1081 1083 1086 1086 1084 1081 1081 1081 1082 1073 1068 1064 1076 1038 1068 1081 1081 1083 1083 1086 1088 1085 1088 1087 1083 1077 1085
1074 1080 1074 1073 1078 1071 1075 1077 1075 1075 1070 1078 1083 1077 1084 1082 1085 1088 1083 1088 1071 1077 1071 1076 1080 1082 1087 1087 1080 1082 1078 1067 1082 1087 1077 1082 1078 1078 1072 1074 1079 1079 1079 1085 1078 1074 1071 1082 1089 1086 1084 1085 1080 1085 1085 1088 1087 1087 1083 1083 1088 1084 1079 1072 1083 1089 1086 1089 1086 1087 1075 1088 1087 1065 1071 1083 1084 1082 1083 1087 1085 1089 1085 1081 1086 1087 1069 1032
1078 1075 1076 1067 1072 1074 1073 1072 1071 1068 1071 1063 1058 1058 1057 1062 1063 1063 1057 1063 1066 1067 1072 1073 1088 1082 1070 1073 1077 1078 1088 1082 1084 1084 1083 1083 1082 1082 1079 1073 1073 1076 1080 1084 1086 1086 1084 1083 1072 1080 1091 1091 1085 1085 1082 1080 1084 1085 1086 1087 1086 1086 1086 1086 1087 1083 1088 1082 1085 1071 1065 1074 1086 1086 1072 1088 1087 1089 1086 1082 1087 1093 1093 1094 1091 1080 1087 1073
1072 1072 1069 1075 1076 1071 1073 1068 1067 1070 1070 1070 1069 1069 1068 1067 1068 1073 1077 1069 1077 1079 1085 1077 1073 1076 1074 1070 1071 1074 1071 1088 1086 1089 1088 1082 1080 1085 1087 1081 1080 1076 1082 1080 1083 1081 1084 1084 1086 1083 1089 1080 1082 1085 1085 1088 1088 1087 1087 1089 1090 1085 1088 1085 1085 1087 1085 1087 1080 1084 1087 1085 1082 1082 1089 1092 1083 1087 1088 1091 1090 1089 1085 1095 1091 1090 1089 1088
1067 1066 1071 1073 1073 1070 1072 1066 1073 1070 1068 1066 1070 1073 1073 1077 1080 1073 1071 1072 1076 1077 1072 1065 1069 1071 1068 1076 1074 1075 1076 1070 1070 1069 1070 1075 1084 1071 1078 1084 1084 1084 1090 1089 1077 1075 1080 1079 1079 1081 1070 1069 1078 1090 1082 1083 1082 1083 1085 1088 1084 1089 1087 1083 1079 1079 1084 1084 1083 1084 1085 1081 1088 1089 1090 1087 1085 1085 1090 1086 1090 1089 1086 1080 1088 1074 1094 1088
