Input/HOURLY_GHI/2015/solar_ghi_20150101_02UT.txt
NCOLS 839
NROWS 679
XLLCORNER 112.025005
YLLCORNER -43.9750009
CELLSIZE 0.0499954
NODATA_VALUE -999
[rows 228 to 265 of 679, columns 172 to 257 of 839]
1022 1029 1014 1020 1020 1017 1028 1030 1022 1028 1021 1021 1025 1026 1021 1024 1019 1026 1021 1015 1018 1026 1014 1026 1012 1014 1013 1022 1022 1026 1025 1025 1027 1024 1023 1028 1029 1031 1024 1029 1026 1031 1028 1024 1027 1031 1025 1024 1028 1030 1021 990 1011 998 1017 1026 1024 1024 1004 1024 1024 993 1004 1028 1024 1034 1037 1038 1029 1035 1030 1031 1044 1040 1033 1046 1048 1050 1046 1045 1050 1045 1047 1043 1040 1037
1025 1020 1017 1012 1010 1024 1022 1029 1025 1016 1030 1022 1023 1033 1034 1032 1031 1033 1032 1025 1024 1017 1024 1018 1016 1019 1011 1011 1024 1024 1021 1023 1032 1025 1027 1021 1027 1031 1026 1018 1019 1019 1028 1025 1020 1025 1022 1021 1020 1015 1001 1022 1013 1011 956 962 1016 1007 1022 1025 1028 1020 1010 997 1029 1024 1024 1031 1034 1030 1038 1026 1037 1041 1046 1029 1044 1035 1037 1042 1035 1050 1047 1050 1050 1050
1032 1030 1031 1029 1014 1018 1018 1022 1022 1031 1014 1025 1017 1024 1030 1020 1025 1028 1030 1031 1029 1024 1019 1018 1020 1016 1019 1004 1005 1022 1025 1023 1020 1026 1019 1025 1028 1029 1032 1031 1032 1031 1028 1027 1024 1025 1022 1021 1019 1020 1009 986 1024 1022 992 963 982 1005 1024 1024 1030 1019 1015 1029 1035 1035 1034 1034 1039 1033 1042 1039 1038 1041 1033 1043 1043 1050 1049 1049 1050 1045 1047 1047 1050 1050
1030 1026 1022 1021 1021 1017 1022 1022 1021 1023 1026 1023 1018 1025 1017 1015 1018 1028 1022 1025 1019 1020 1025 1026 1020 1020 1016 995 1009 1004 1024 1028 1026 1025 1032 1019 1020 1021 1024 1030 1031 1030 1019 1014 1022 1021 1022 1024 1018 994 1014 1005 1022 955 970 1010 1011 973 1018 1013 1021 1026 974 1021 1037 1038 1033 1036 1043 1044 1043 1042 1044 1041 1041 1043 1035 1029 1034 1038 1036 1046 1047 1044 1049 1050
1024 1024 1018 1016 1020 1022 1026 1020 1018 1018 1023 1021 1027 1021 1014 1012 1008 1018 1020 1001 1017 1018 1026 1029 1032 1022 1022 1021 1002 1015 1021 1024 1024 1033 1029 1025 1029 1020 1027 1028 1025 1033 1027 1027 1030 1023 1032 1022 1026 1013 1018 997 998 1005 1008 1003 1020 1005 1009 1013 1012 1018 1007 1021 1034 1030 1034 1039 1036 1040 1044 1045 1045 1045 1037 1045 1044 1043 1047 1043 1040 1044 1043 1049 1049 1049
1013 1015 1025 1029 1022 1028 1028 1023 1023 1021 1025 1010 1031 1030 1034 1027 1019 1028 1036 1036 1028 1026 1020 1028 1029 1033 1017 1019 1023 1024 1023 1024 1004 1014 1031 1031 1032 1035 1018 1029 1034 1033 1031 1024 1024 1017 1027 1028 1022 1029 1019 985 1033 956 1017 966 996 1015 1006 1018 955 991 1021 1027 1037 1034 1035 1031 1036 1033 1044 1041 1040 1038 1035 1039 1037 1029 1030 1046 1047 1047 1042 1042 1043 1047
1028 1028 1020 1031 1032 1028 1024 1030 1026 1014 1029 1020 1024 1028 1029 1031 1021 1027 1029 1036 1025 1032 1030 1031 1031 1030 1025 1005 1021 1021 1028 1034 1034 1031 1025 1024 1021 1030 1037 1031 1026 1026 1033 1034 1029 1028 1030 1026 1029 1026 1021 1000 959 1003 1026 1022 1010 1011 978 1000 1022 1026 1024 1010 1019 1024 1016 1029 1035 1034 1034 1037 1042 1044 1045 1038 1033 1041 1044 1045 1046 1044 1043 1042 1031 1027
1030 1031 1026 1032 1032 1029 1029 1029 1030 1013 1028 1027 1021 1030 1029 1025 1030 1031 1025 1026 1033 1026 1023 1026 1026 1036 1032 1020 1023 1026 1021 1028 1026 1030 1031 1030 1032 1019 1022 1019 1022 1016 1036 1035 1029 1033 1034 1024 1031 1037 1027 1011 1013 1008 979 985 1002 1017 1019 976 959 990 1019 1016 1031 1035 1037 1025 1030 1043 1039 1032 1044 1030 1036 1032 1033 1041 1046 1047 1043 1042 1032 1044 1048 1038
1033 1031 1030 1026 1028 1029 1030 1026 1021 1021 1005 1026 1017 1029 1036 1037 1021 1022 1023 1017 1037 1036 1038 1026 1027 1022 1035 1030 1032 1037 1033 1037 1019 1031 1036 1030 1031 1030 1020 1031 1039 1030 1031 1038 1038 1038 1038 1033 1028 1031 1032 1033 998 1020 910 928 999 998 989 939 943 1020 1016 1028 1035 1020 1025 1020 1022 1031 1033 1029 1032 1038 1037 1017 1042 1044 1038 1036 1029 1035 1047 1049 1050 1050
1031 1021 1022 1026 1022 1022 1028 1028 1030 1029 1017 1017 1018 1011 1031 1037 1035 1031 1030 1033 1031 1030 1026 1019 1015 1020 1028 1035 1025 1012 1015 1013 1034 1026 1028 1030 1029 1028 1033 1025 1034 1030 1018 1014 1012 1015 1016 1032 1019 1023 1011 1017 993 1015 988 882 996 1016 996 933 752 1001 1021 1031 1034 1039 1038 1019 1030 1041 1038 1030 1035 1046 1031 1021 1034 1037 1044 1044 1048 1042 1034 1034 1035 1033
1025 1033 1028 1022 1023 1028 1023 1022 1022 1028 1017 1019 1028 1023 1022 1028 1028 1032 1025 1037 1033 1026 1022 1024 1025 1021 1013 1021 1029 1000 1015 1026 1021 1025 1031 1027 1025 1017 1024 1029 1029 1038 1036 1039 1024 936 871 976 999 1012 1025 1029 1025 984 1015 1004 947 859 959 994 796 1016 1021 1020 1021 1021 1031 1033 1023 1031 1043 1038 1042 1040 1036 1041 1037 1035 1046 1039 1047 1050 1050 1052 1046 1044
1035 1031 1029 1028 1030 1030 1027 1026 1024 1023 1022 1022 1031 1020 1030 1026 1034 1029 1034 1032 1036 1035 1019 1026 1018 1032 1032 1022 1017 1028 1025 1024 1029 1031 1035 1034 1038 1030 1019 1026 1033 1036 1039 1037 1040 968 783 715 994 1008 996 1035 1020 1004 1008 981 1008 1015 1022 958 990 987 1018 1029 1033 1030 1030 1033 1024 1022 1026 1033 1029 1029 1040 1047 1042 1045 1044 1046 1036 1045 1044 1050 1047 1049
1031 1035 1034 1034 1035 1033 1030 1023 1022 1032 1016 1022 1035 1019 1033 1031 1038 1031 1029 1032 1036 1032 1036 1022 1016 1024 1034 1030 1006 1020 1027 1031 1025 1032 1023 1010 1020 1033 1025 1025 1032 1027 1036 1037 1033 1031 1022 878 828 999 1032 1029 1034 1027 987 1021 988 963 1002 959 993 1019 1002 1025 1030 1018 1014 1027 1033 1017 1026 1033 1033 1029 1023 1036 1044 1045 1043 1039 1041 1044 1042 1045 1045 1046
1032 1035 1035 1034 1035 1032 1025 1024 1023 1027 1031 1028 1033 1033 1031 1028 1031 1028 1032 1029 1026 1025 1038 1031 1021 1028 1032 1031 1017 1023 1028 1028 1026 1033 1034 1039 1030 1026 1024 1030 1035 1033 1021 1028 1036 1032 1040 1028 883 955 1025 1024 1026 1025 1018 1017 1017 983 991 1006 805 1008 940 1020 1014 1018 1025 1030 1011 1027 1032 1041 1044 1030 1020 1036 1039 1044 1046 1046 1048 1048 1043 1047 1046 1041
1027 1024 1031 1033 1036 1026 1030 1029 1027 1023 1034 1028 1033 1036 1030 1035 1023 1030 1030 1038 1038 1032 1036 1040 1031 1022 1030 1035 1018 1016 1028 1036 1035 1036 1035 1021 1033 1029 1030 1023 1021 1031 1033 1032 1025 1039 1038 1040 1015 1025 1034 1032 1034 1028 1034 1031 1019 984 951 1015 1000 933 975 1029 1021 1027 1018 1022 1030 1032 1025 1021 1035 1026 1020 1033 1015 1036 1036 1045 1039 1043 1042 1045 1044 1043
1035 1037 1031 1036 1036 1031 1034 1031 1028 1023 1025 1035 1022 1026 1027 1037 1033 1027 1020 1023 1034 1033 1036 1039 1033 1030 1029 1030 1034 1016 1034 1025 1039 1037 1026 1032 1038 1033 1034 1033 1035 1031 1035 1022 1038 1033 1028 1025 1030 1013 1038 1034 1031 1033 1034 1034 1010 1027 1024 1006 1018 967 999 1002 1035 1033 1037 1037 1037 1031 1029 1021 1026 1025 1020 996 1030 1040 1038 1039 1048 1048 1044 1042 1046 1046
1037 1036 1038 1034 1037 1035 1031 1031 1031 1035 1027 1030 1024 1025 1022 1032 1031 1032 1026 1013 1012 1020 1033 1035 1029 1023 1021 1035 1031 1029 1035 1027 1031 1038 1031 1022 1022 1026 1032 1038 1038 1031 1031 1033 1032 1032 1039 1039 1039 1038 1033 1033 1034 1028 1038 1039 1033 1031 1017 1036 1019 1018 1013 1038 954 1023 1031 1034 1037 1034 1025 1030 1029 1026 945 1027 1021 1037 1040 1043 1047 1043 1049 1049 1049 1042
1034 1033 1035 1038 1035 1034 1037 1034 1030 1026 1025 1029 1025 1030 1031 1029 1031 1034 1032 1035 1030 1027 1023 1029 1027 1023 1028 1021 1019 1036 1037 1028 1024 1022 1033 1020 1024 1029 1030 1031 1033 1032 1036 1036 1034 1035 1030 1030 1032 1034 1009 1023 1026 1032 1031 1031 1028 1040 1029 1010 1017 1014 1017 1033 1007 928 1031 1026 1034 1030 1027 1028 1029 1029 1002 1020 1031 1027 1034 1032 1040 1043 1042 1044 1043 1046
1032 1035 1030 1027 1038 1031 1032 1037 1035 1028 1028 1028 1032 1029 1032 1037 1028 1034 1033 1031 1032 1035 1025 1022 1037 1028 1021 1028 1031 1032 1041 1033 1028 1031 1019 1014 1010 1021 1030 1029 1034 1036 1036 1038 1038 1039 1039 1033 1021 1029 1021 1035 1035 1030 1033 1034 1031 1021 1033 1037 1040 1033 1033 1031 1021 1004 1027 1033 1037 1028 1025 1030 1003 1009 1004 1019 1042 1036 1033 1030 1034 1041 1044 1044 1043 1045
1036 1036 1038 1034 1037 1036 1037 1033 1030 1025 1025 1030 1033 1029 1019 1021 1029 1033 1034 1036 1033 1031 1037 1028 1030 1040 1037 1039 1037 1034 1042 1029 1022 1026 1026 1022 1022 1033 1038 1030 1032 1032 1036 1037 1038 1036 1037 1034 1039 1041 1038 1016 1034 1031 1036 1040 1035 1028 1022 1022 1031 1035 1029 1019 1028 1008 1018 1027 1030 1030 1034 1024 1026 1009 1015 878 1020 976 1013 1029 1046 1043 1042 1048 1045 1045
1032 1035 1035 1037 1032 1034 1035 1036 1033 1035 1032 1032 1027 1024 1030 1031 1032 1031 1031 1031 1037 1039 1023 1034 1033 1037 1039 1035 1031 1035 1037 1036 1034 1032 1024 1025 1020 1033 1038 1035 1017 995 1008 1020 1027 1032 1034 1037 1034 1032 1037 1043 1020 1041 1034 1030 1037 1036 1032 1019 1028 1029 1025 1022 973 1026 1018 1034 1041 1030 1037 1045 1035 1013 1001 1000 1021 1021 1012 1036 1044 1042 1045 1048 1046 1045
1032 1015 1034 1035 1033 1030 1034 1036 1032 1031 1035 1035 1030 1020 1019 1033 1029 1020 1032 1040 1031 1040 1020 1033 1027 1030 1041 1043 1041 1040 1032 1026 1021 1023 1015 1019 1037 1023 1025 1021 1017 998 994 1008 1006 1028 1030 1033 1035 1037 1040 1043 1036 1040 1044 1041 1039 1038 1028 1033 987 1028 1032 1030 1026 1032 1019 1028 1031 1040 1038 1038 1037 985 1029 1021 1030 1037 1035 1034 1028 1037 1038 1038 1046 1049
1040 1037 1035 1037 1036 1029 1027 1033 1037 1029 1032 1037 1038 1039 1029 1020 1036 1027 1032 1032 1038 1032 1033 1036 1029 1021 1022 1034 1040 1038 1039 1033 1021 1011 1016 1020 1037 1029 1026 1022 1020 1023 1019 1017 1004 1029 1033 1031 1030 1034 1034 1038 1043 1025 1043 1044 1043 1039 1039 1040 1028 1017 1023 1024 1026 1026 1036 1039 1038 1025 1030 1035 1033 1027 1037 997 1018 997 1029 1039 1042 1039 1045 1045 1047 1049
1028 1027 1033 1033 1031 1032 1029 1033 1037 1036 1031 1026 1034 1037 1033 1026 1033 1027 1033 1027 1033 1030 1037 1021 1038 1040 1030 1033 1036 1031 1034 1029 1024 1026 1022 1018 1033 1026 1023 1027 1031 1021 1026 1032 1024 1025 1035 1036 1034 1029 1034 1042 1043 1015 1036 1043 1043 1041 1037 1016 1032 1027 1035 1032 1026 1021 1036 1034 1034 1039 1034 1032 1038 1036 1032 1023 995 1017 998 1018 1002 1041 1035 1036 1045 1048
1036 1022 1015 1033 1034 1037 1038 1031 1031 1039 1033 1029 1032 1028 1027 1024 1018 1026 1025 1040 1039 1037 1030 1035 1036 1028 1022 1028 1042 1038 1035 1036 1034 1030 1033 1035 1040 1026 1025 1034 1027 1029 1036 1033 1038 1037 1028 1032 1037 1039 1035 1040 1041 1043 1040 1043 1028 989 1010 1025 1024 1042 1022 1039 1034 1030 1029 1040 1039 1032 1038 1038 1037 1033 1027 1014 1032 1031 1036 1041 1018 1036 1043 1032 1043 1044
1029 1037 1029 1023 1034 1032 1036 1040 1031 1035 1038 1035 1037 1039 1040 1038 1025 1026 1030 1027 1038 1030 1017 1022 1039 1044 1036 1029 1032 1030 1029 1027 1040 1036 1027 1034 1038 1043 1034 1033 1032 1026 1027 1039 1033 1031 1033 1028 1029 1034 1035 1039 1040 1042 1040 1042 1043 1044 1033 1035 1028 1029 1032 1024 1043 1036 1032 1041 1039 1040 1039 1034 1034 1026 1037 1039 1035 1032 1044 1036 1041 1043 1040 1043 1049 1045
1042 1042 1041 1035 1037 1032 1036 1029 1022 1025 1035 1032 1034 1036 1037 1040 1041 1023 1015 1021 1023 1029 1035 1026 1024 1041 1044 1043 1039 1036 1033 1036 1028 1036 1038 1040 1045 1045 1043 1033 1028 1041 1040 1033 1037 1038 1029 1033 1033 1026 1025 1030 1033 1037 1035 1040 1040 1043 1042 1041 1041 1030 1032 1030 1009 1024 1039 1038 1034 1033 1036 1032 1036 1041 1037 1045 1032 1035 1047 1043 1036 1044 1047 1038 1044 1046
1036 1034 1039 1040 1038 1039 1038 1037 1027 1026 1035 1036 1035 1034 1029 1032 1025 1026 1034 1037 1031 1021 1035 1038 1038 1026 1027 1037 1042 1030 1027 1029 1036 1015 1024 1027 1030 1037 1038 1036 1036 1033 1041 1038 1034 1038 1039 1033 1033 1037 1037 1032 1035 1028 1032 1041 1032 1039 1039 1039 1042 1041 1044 1039 1032 1016 1042 1023 1043 1039 1037 1047 1044 1043 1040 1043 1047 1038 1048 1048 1049 1041 1044 1049 1040 1047
1042 1042 1042 1035 1038 1034 1038 1035 1022 1025 1032 1040 1033 1032 1035 1041 1034 1037 1027 1033 1039 1041 1030 1017 1031 1035 1036 1028 1029 1034 1030 1035 1041 1034 1030 1028 1035 1042 1035 1024 1036 1040 1041 1042 1038 1036 1037 1032 1029 1036 1030 1038 1039 1032 1028 1041 1043 1043 1041 1038 1038 1039 1044 1036 1043 1042 1042 1038 1038 1043 1036 1042 1045 1047 1048 1039 1034 1033 1037 1042 1046 1043 1038 1036 1028 1043
1036 1036 1040 1030 1040 1038 1038 1039 1025 1016 1034 1040 1040 1030 1025 1029 1034 1038 1037 1034 1030 1028 1034 1040 1038 1028 1025 1025 1029 1033 1040 1036 1028 1028 1033 1041 1045 1044 1040 1033 1039 1035 1042 1040 1039 1040 1040 1037 1032 1038 1032 1036 1036 1040 1041 1038 1042 1042 1043 1044 1044 1043 1036 1039 1036 1039 1044 1044 1044 1043 1042 1036 1031 1032 1042 1042 1038 1044 1044 1051 1044 1046 1044 1024 1036 1039
1032 1030 1039 1035 1040 1033 1033 1039 1032 1026 1037 1036 1041 1041 1038 1032 1038 1035 1036 1037 1035 1025 1019 1032 1025 1032 1031 1033 1038 1035 1031 1030 1027 1021 1025 1029 1036 1041 1041 1039 1029 1027 1033 1036 1037 1040 1041 1037 1026 1032 1032 1026 1031 1036 1039 1037 1035 1038 1040 1043 1043 1043 1043 1044 1035 1032 1035 1044 1030 1043 1039 1046 1043 1038 1042 1045 1051 1050 1051 1039 1052 1043 1046 1043 1025 1037
1036 1039 1039 1039 1023 1031 1042 1035 1037 1026 1034 1029 1036 1032 1034 1034 1032 1023 1024 1029 1025 1029 1028 1041 1041 1036 1045 1032 1026 1040 1036 1038 1034 1023 1029 1018 1024 1040 1045 1045 1043 1039 1043 1043 1027 1037 1041 1037 1040 1027 1029 1033 1028 1027 1033 1040 1033 1037 1037 1036 1041 1038 1038 1044 1042 1038 1041 1044 1044 1045 1044 1046 1044 1040 1045 1044 1049 1051 1051 1052 1050 1053 1052 1045 1031 1036
1028 1041 1043 1035 1043 1037 1043 1038 1029 1033 1029 1029 1027 1038 1034 1028 1032 1032 1026 1036 1038 1041 1035 1031 1036 1042 1041 1026 1026 1031 1034 1026 1028 1028 1021 1034 1033 1020 1043 1037 1033 1029 1029 1034 1035 1023 1038 1038 1040 1040 1037 1036 1035 1029 1034 1026 1020 1032 1042 1038 1034 1034 1043 1038 1045 1040 1032 1038 1032 1032 1036 1034 1047 1048 1048 1049 1042 1040 1040 1051 1047 1051 1051 1051 1044 1047
1043 1027 1041 1042 1035 1035 1039 1038 1040 1041 1035 1032 1038 1034 1037 1034 1032 1036 1029 1034 1034 1039 1037 1031 1030 1034 1032 1032 1037 1033 1034 1025 1025 1033 1026 1023 1032 1037 1031 1036 1033 1032 1032 1035 1043 1037 1037 1039 1037 1034 1037 1030 1019 1036 1031 1036 1026 1021 1031 1044 1040 1034 1042 1039 1038 1044 1034 1039 1032 1044 1039 1042 1037 1038 1033 1040 1048 1048 1043 1035 1041 1045 1044 1049 1044 1043
1040 1042 1036 1043 1043 1037 1035 1035 1037 1036 1037 1030 1026 1025 1029 1023 1038 1033 1029 1029 1036 1019 1019 1031 1033 1030 1033 1019 1032 1041 1034 1037 1033 1027 1028 1040 1033 1021 1029 1040 1035 1043 1044 1041 1042 1041 1040 1035 1029 1030 1025 1012 1001 1025 1033 1035 1037 1030 1036 1037 1043 1036 1037 1044 1031 1037 1043 1039 1039 1035 1043 1046 1046 1047 1047 1044 1040 1046 1044 1039 1047 1052 1049 1045 1047 1046
1040 1042 1036 1040 1043 1038 1032 1035 1034 1032 1035 1037 1033 1033 1038 1035 1029 1033 1031 1025 1020 1031 1035 1043 1032 1043 1027 1026 1031 1035 1038 1038 1035 1023 1005 1027 1036 1039 1023 1028 1031 1027 1017 1021 1025 1021 1023 1003 994 977 1025 1012 1033 1038 1038 1036 1038 1041 1030 1035 1043 1042 1029 1034 1039 1026 1033 1041 1037 1039 1035 1045 1045 1042 1039 1039 1030 1041 1042 1044 1038 1044 1048 1051 1047 1050
1042 1042 1038 1029 1038 1042 1036 1033 1031 1039 1034 1040 1042 1029 1033 1034 1036 1027 1034 1031 1029 1030 1034 1032 1032 1035 1043 1038 1032 1041 1038 1032 1032 1021 1017 1016 1015 1017 1029 1029 1018 1027 1004 994 1008 1031 1007 1006 1004 1006 1010 1018 1035 1036 1040 1041 1041 1029 929 925 1032 1031 1031 1039 1040 1040 1042 1030 1041 1044 1044 1036 1036 1043 1043 1046 1044 1048 1040 1047 1041 1045 1051 1050 1051 1048
1034 1039 1043 1038 1034 1037 1038 1032 1030 1031 1035 1038 1039 1041 1038 1033 1034 1036 1030 1039 1038 1031 1034 1038 1030 1034 1034 1037 1035 1034 1034 1032 1025 1031 1025 1021 1028 1016 1017 1018 1005 1004 1019 1023 951 1010 1002 977 1023 1035 993 989 1021 1029 1034 1036 1031 1039 1032 988 1026 1039 1038 1031 1044 1031 1036 1039 1029 1042 1044 1036 1037 1033 1041 1045 1045 1041 1041 1037 1038 1039 1048 1046 1046 1050
