Input/HOURLY_GHI/2015/solar_ghi_20150101_04UT.txt
NCOLS 839
NROWS 679
XLLCORNER 112.025005
YLLCORNER -43.9750009
CELLSIZE 0.0499954
NODATA_VALUE -999
[rows 360 to 399 of 679, columns 540 to 629 of 839]
979 976 974 986 976 966 974 975 968 970 969 976 977 978 982 970 969 970 973 969 973 971 971 975 973 971 971 971 962 960 962 967 970 960 973 974 967 960 969 972 968 963 963 966 966 971 963 966 962 961 963 963 959 963 942 962 957 952 946 958 952 945 912 956 933 938 937 952 951 949 945 946 944 934 934 919 830 930 938 909 864 847 832 910 829 774 828 940 923 940
975 978 970 973 961 964 963 965 976 966 967 962 976 987 977 988 977 974 977 973 982 983 986 982 984 981 972 966 969 960 957 962 970 968 975 968 968 971 968 963 964 967 966 966 960 953 957 959 960 958 960 959 963 959 938 955 957 959 948 959 958 957 953 957 954 951 950 920 952 948 940 944 946 948 889 945 929 875 944 901 754 942 927 934 925 868 913 929 890 915
977 977 976 969 976 975 967 981 977 975 976 976 975 985 986 977 981 976 972 971 978 986 986 984 972 970 980 971 972 961 959 943 962 972 966 967 971 968 967 967 963 963 964 961 965 959 959 963 960 957 955 962 952 955 959 952 938 957 958 952 959 957 929 955 953 948 952 936 940 953 947 933 815 927 947 927 932 920 923 943 927 914 943 919 929 805 940 942 926 927
975 973 965 976 972 976 973 974 978 977 975 978 972 975 975 977 971 971 977 974 971 975 977 975 970 979 965 972 966 960 971 960 967 974 968 969 971 963 966 967 966 962 967 964 962 959 962 960 959 961 960 957 958 959 956 959 959 959 953 959 957 917 956 938 955 953 954 954 940 952 952 906 950 924 920 947 866 946 909 687 912 825 913 860 941 913 798 854 940 919
973 975 976 971 975 977 973 974 977 968 977 977 971 972 977 976 972 973 975 969 963 966 970 974 963 970 972 970 970 974 966 970 973 967 969 970 960 961 963 966 967 962 965 958 956 963 961 961 960 959 956 956 960 957 956 960 952 958 958 958 957 954 955 956 955 952 954 954 904 953 952 911 951 900 809 910 899 948 891 931 681 915 946 944 938 926 911 930 922 916
971 974 981 978 974 978 975 975 971 969 973 978 978 970 967 971 977 974 971 968 970 971 973 977 978 973 972 975 973 975 967 967 962 964 968 966 961 960 961 967 967 967 963 964 961 958 962 959 959 961 960 959 956 958 939 959 958 957 945 957 955 955 951 946 955 948 917 954 937 943 953 931 951 914 950 931 921 924 932 947 945 796 575 910 715 925 885 933 922 939
965 974 976 976 973 970 964 973 974 970 975 978 980 977 968 968 973 973 974 971 983 973 968 970 972 967 970 972 969 969 974 970 970 963 971 959 966 967 960 965 967 962 956 962 960 963 964 954 958 962 959 957 953 957 956 954 956 957 953 954 953 955 948 930 953 950 950 954 950 947 946 947 940 951 942 945 943 933 896 749 923 946 935 943 907 920 934 935 532 917
968 980 978 982 978 980 987 988 978 978 971 979 970 976 970 974 974 976 966 973 985 977 965 968 970 977 970 975 970 968 972 963 971 971 965 960 968 967 967 967 964 967 959 962 960 962 954 961 960 958 956 957 959 954 958 948 952 951 955 956 954 945 954 950 955 953 931 946 939 953 951 949 951 942 949 906 949 893 929 942 924 859 806 944 860 940 916 934 741 926
975 982 980 970 979 978 979 979 982 976 971 973 974 975 978 968 964 968 971 976 977 964 968 972 977 970 975 975 973 972 970 961 967 970 965 968 966 967 967 967 964 959 961 964 964 964 963 958 950 957 957 958 959 958 950 956 954 955 951 943 955 954 948 949 947 948 952 951 942 928 947 948 948 945 946 910 950 923 937 939 947 797 868 935 932 892 912 897 526 936
978 974 977 973 977 979 974 979 974 978 975 978 975 972 962 968 968 965 968 976 965 978 971 975 975 964 967 977 968 972 967 969 971 967 960 969 968 967 967 968 966 957 958 962 963 958 960 960 963 960 961 957 955 955 956 953 955 951 952 952 953 952 946 953 953 952 947 949 950 953 947 945 940 950 919 935 928 949 937 636 883 947 924 722 940 912 926 926 655 872
982 978 983 979 973 975 975 976 975 975 975 970 967 971 964 962 962 970 971 976 977 955 968 963 966 969 969 960 963 966 969 970 969 968 969 961 969 968 968 964 967 966 960 959 965 962 963 963 957 961 957 960 956 958 957 956 950 953 944 949 955 946 945 952 953 951 949 951 952 950 945 934 939 930 914 916 911 899 945 924 902 945 907 887 940 936 922 936 925 912
978 977 979 978 979 980 973 971 970 976 973 969 973 961 970 976 966 970 973 968 959 961 961 970 969 962 973 967 971 971 971 966 965 966 968 968 970 969 968 966 965 961 965 965 966 954 964 960 960 959 960 955 957 956 954 953 947 950 947 946 948 943 942 937 945 952 947 948 952 950 932 935 940 949 946 833 926 936 930 947 914 925 941 800 925 935 924 923 892 911
978 976 971 971 972 973 976 968 967 972 967 966 969 973 970 970 965 966 960 966 956 965 970 968 973 971 970 970 972 971 968 971 967 969 966 964 967 966 968 966 965 961 954 962 966 968 947 964 959 959 962 959 958 957 953 951 957 955 949 952 954 953 951 945 942 946 935 928 934 948 948 944 940 948 940 938 943 946 898 932 938 918 939 940 910 939 926 895 930 833
980 976 981 976 972 969 963 968 971 969 966 969 964 968 969 963 968 965 970 968 958 964 970 968 965 974 970 969 968 969 970 970 968 967 969 968 966 969 966 958 960 950 961 959 963 955 961 953 958 963 962 962 960 958 958 958 959 951 953 949 949 942 952 955 956 948 943 952 949 948 941 947 947 948 931 950 943 946 947 929 935 937 808 934 910 923 937 936 936 934
984 973 980 974 974 974 972 969 970 972 972 972 964 983 969 963 959 967 964 968 964 967 967 963 970 966 968 970 967 968 969 971 964 968 970 967 969 967 959 967 967 967 964 962 968 955 954 963 963 963 957 957 958 960 959 960 952 956 953 951 948 945 954 947 945 938 947 949 929 937 930 925 949 943 930 947 950 949 948 945 947 945 920 943 937 927 908 931 916 933
964 969 972 977 969 971 973 966 964 966 970 974 974 968 957 969 967 966 953 967 969 968 970 967 970 968 972 965 970 969 970 967 965 968 972 970 969 970 963 965 963 954 960 956 960 962 965 963 964 965 963 954 958 961 960 960 960 947 953 955 952 949 951 946 953 953 952 949 945 931 930 938 946 939 926 939 946 944 935 926 925 927 924 925 933 926 928 925 914 926
962 959 973 971 973 971 970 976 964 963 971 966 968 969 953 962 973 975 970 968 965 962 969 972 967 966 965 969 968 970 971 968 969 963 959 970 966 963 965 967 960 963 964 962 964 958 964 960 957 962 963 962 957 960 961 960 960 959 954 950 950 949 944 940 957 952 956 956 955 952 936 950 950 946 950 949 936 940 939 932 935 946 945 933 942 924 925 925 920 926
970 960 976 978 972 973 977 972 975 970 972 971 971 964 967 971 965 964 961 968 968 965 972 965 965 963 963 962 962 967 969 969 967 966 962 967 970 972 959 960 966 966 965 958 967 967 958 964 957 947 956 957 957 959 954 946 951 959 959 958 952 954 954 948 958 944 956 960 960 954 948 948 949 936 942 947 943 947 948 947 942 930 928 912 925 942 941 933 920 936
969 973 967 967 974 969 972 971 971 969 961 957 959 963 967 966 955 953 953 957 966 965 972 958 958 970 959 968 955 960 968 970 967 967 969 964 971 959 965 966 967 969 964 960 960 964 958 960 960 963 957 959 953 954 954 945 957 955 955 956 949 955 955 946 955 956 956 941 924 929 950 945 950 951 941 934 941 936 938 941 927 945 938 919 925 923 940 918 920 925
966 965 970 964 970 973 970 974 971 967 962 965 968 972 966 963 952 952 958 963 963 959 957 956 959 960 957 960 961 955 956 956 960 964 965 969 965 967 964 967 968 964 969 961 958 959 958 966 961 963 962 958 957 962 962 960 956 952 946 948 948 942 935 934 942 955 957 959 958 951 952 949 946 951 949 930 933 933 948 921 929 946 945 945 943 942 925 939 936 937
976 980 980 979 959 962 966 974 956 962 975 975 971 974 971 971 957 957 958 954 966 953 954 954 963 955 960 959 960 958 953 962 967 966 964 963 965 965 967 967 968 968 970 961 963 962 961 956 961 963 963 962 953 953 953 960 960 958 950 943 944 944 935 929 924 931 951 946 960 959 934 935 937 949 949 948 926 938 947 927 924 947 937 938 944 935 916 926 934 937
981 978 980 980 976 972 964 963 967 975 964 952 953 959 976 969 959 955 954 956 960 964 955 961 964 955 958 964 955 958 952 960 958 969 967 969 970 968 968 968 969 968 968 966 969 955 958 954 954 962 962 962 961 952 951 960 959 954 952 948 945 945 938 936 933 929 933 941 941 958 925 934 937 931 949 949 947 948 948 932 922 948 930 917 927 923 903 916 926 937
981 973 976 976 972 971 968 970 967 955 951 959 965 960 945 966 970 958 958 964 963 963 961 961 960 960 957 969 958 958 957 965 961 965 969 970 971 969 970 969 969 970 967 965 964 966 966 958 956 960 963 962 962 961 959 959 957 947 957 958 951 945 945 940 932 925 936 937 940 934 937 930 930 927 947 949 949 948 948 948 939 946 934 936 942 932 922 913 917 920
971 976 980 976 976 971 973 970 968 969 962 968 952 962 964 956 970 976 962 964 965 966 956 961 958 965 963 953 966 962 965 959 965 963 971 970 974 970 970 970 970 969 968 968 967 962 962 961 956 959 952 958 960 961 954 959 958 951 959 958 956 940 942 946 940 931 932 936 948 953 943 929 934 921 897 914 950 949 948 948 942 946 938 938 941 937 930 936 936 929
976 979 975 975 968 971 970 974 970 973 969 973 969 965 963 967 954 975 967 970 968 959 968 963 964 962 966 972 971 964 965 964 964 964 965 972 960 972 973 974 971 969 970 970 970 970 962 963 963 964 956 956 959 959 958 959 959 952 948 957 956 944 939 938 942 944 943 954 951 954 954 931 944 947 925 886 944 949 948 947 946 938 926 924 926 933 926 927 925 917
977 981 970 967 969 971 978 974 973 970 967 971 972 971 959 958 969 957 955 968 962 965 970 967 966 961 967 963 958 963 969 967 960 964 965 962 968 973 967 975 973 971 969 971 965 967 967 964 963 962 966 955 961 960 946 960 955 944 949 956 957 954 952 938 934 932 939 943 932 955 955 955 948 952 952 906 916 949 948 947 945 945 925 926 938 937 939 936 927 925
980 973 975 977 978 978 970 969 969 968 970 966 968 968 970 963 959 954 962 968 963 966 968 969 974 976 975 961 957 959 960 962 969 971 970 966 972 973 973 971 972 969 971 965 961 970 960 964 963 964 955 956 962 962 956 959 953 951 943 955 955 955 955 948 941 940 947 941 926 942 954 949 941 952 952 935 928 914 922 930 946 944 941 934 935 939 939 937 936 927
981 979 972 973 973 975 975 969 970 973 966 963 967 967 976 966 958 968 966 963 956 963 968 968 971 958 966 965 972 968 971 968 960 962 970 972 971 971 967 968 969 969 970 962 965 965 966 964 965 964 962 957 962 963 959 961 952 945 945 954 955 952 955 954 953 948 949 948 941 946 951 935 950 951 954 947 952 951 929 938 945 943 922 928 919 919 938 933 936 920
970 970 967 968 973 968 969 970 968 964 966 966 971 966 963 973 967 951 965 950 959 967 964 970 956 960 958 964 962 969 961 956 961 961 962 960 963 966 971 972 967 966 963 960 966 965 965 961 965 966 966 963 963 964 956 958 958 958 950 947 946 950 941 942 945 947 946 937 936 943 949 947 957 957 959 959 957 951 927 920 934 937 910 930 936 923 925 917 929 921
972 975 975 967 969 973 968 969 973 968 967 972 969 966 970 960 964 968 955 962 963 962 968 964 961 955 964 959 964 964 957 956 967 960 959 960 965 962 963 964 964 965 962 963 961 961 962 964 962 965 967 967 964 963 959 954 952 957 953 946 948 945 941 940 941 937 933 946 939 938 933 928 930 951 959 959 958 956 952 943 929 929 917 923 927 932 924 924 935 934
979 972 979 971 975 969 961 977 976 974 968 964 967 968 960 963 969 963 962 953 968 967 978 948 946 958 955 954 949 964 971 968 967 962 958 963 963 966 960 961 963 962 965 965 965 963 964 963 963 963 965 963 963 964 961 960 958 957 955 954 949 947 942 945 946 942 935 941 947 949 951 926 930 927 939 960 956 937 953 949 937 944 933 924 931 929 911 914 932 914
968 971 971 975 974 968 974 972 959 970 966 968 968 963 966 968 961 966 965 971 945 955 943 966 965 960 958 965 971 963 972 963 953 957 961 965 955 960 962 966 959 960 957 958 962 960 963 961 962 962 964 965 963 963 962 961 959 958 957 955 954 952 952 953 950 945 940 934 936 936 951 938 955 946 930 961 964 948 948 937 937 937 944 936 940 939 913 912 935 934
966 975 974 976 971 973 974 964 975 971 976 975 969 958 964 968 963 968 969 970 946 942 946 950 962 958 951 966 959 958 958 954 967 958 956 957 960 962 958 948 957 958 962 963 960 963 963 963 962 962 963 954 963 962 962 959 959 959 958 957 955 954 953 953 945 952 944 945 945 950 941 932 949 933 942 942 928 927 941 928 930 928 937 944 942 940 929 912 922 935
972 973 972 979 977 969 972 968 970 975 974 966 966 967 971 966 968 965 966 974 955 965 951 966 950 952 959 957 955 963 962 962 958 960 965 966 959 955 955 959 959 958 959 954 957 962 962 959 959 958 961 961 961 961 962 960 956 960 958 957 956 952 950 949 951 949 947 945 938 938 944 936 939 929 931 950 946 933 939 937 932 932 930 935 944 942 940 926 935 935
973 972 970 968 970 973 966 972 968 967 963 961 973 968 961 970 968 967 964 964 959 948 953 955 968 939 951 959 960 960 958 961 968 967 963 966 964 962 960 958 953 952 958 953 958 961 956 961 958 960 960 960 959 957 957 957 959 959 957 957 956 948 954 953 952 952 941 950 940 944 942 933 936 948 941 953 950 946 949 941 936 946 931 934 947 944 928 935 931 936
977 973 974 972 966 968 971 968 970 969 970 960 967 972 969 967 966 968 968 968 952 952 948 948 947 959 960 948 943 951 958 964 961 960 960 957 957 953 948 953 953 958 957 954 955 954 953 958 960 960 958 960 959 958 958 959 953 958 957 957 956 956 949 947 950 952 946 939 940 939 943 933 941 947 926 932 929 943 944 951 937 937 939 936 937 936 925 927 937 934
974 971 971 971 972 967 967 969 970 974 969 965 966 957 965 964 963 966 967 964 965 963 968 952 960 960 959 956 954 961 953 955 959 961 952 966 959 955 954 956 957 954 953 952 957 957 956 961 960 960 960 958 958 958 957 958 956 956 956 957 952 951 949 947 951 944 945 951 949 948 947 933 943 946 941 937 939 946 946 949 942 942 938 944 942 938 934 933 938 931
973 975 976 971 974 974 974 974 974 968 967 963 965 967 963 965 958 962 967 960 955 958 961 963 964 961 965 967 966 958 962 957 958 960 957 959 956 951 955 958 958 953 955 959 952 955 954 952 955 957 956 957 958 958 953 950 956 956 954 956 955 954 954 952 949 951 952 952 950 949 947 945 946 944 944 945 944 939 946 942 939 937 937 938 939 939 949 942 941 939
969 971 969 975 974 972 974 971 969 970 965 971 965 965 968 964 967 967 961 966 961 962 958 952 959 960 960 955 961 961 956 955 953 958 961 952 946 953 956 957 955 960 953 950 956 958 955 955 951 949 954 958 951 939 951 956 956 954 954 953 954 954 953 949 942 948 952 947 952 948 948 946 947 946 946 941 942 941 935 939 942 940 943 937 938 937 947 947 946 944
972 973 970 967 973 973 972 969 965 967 971 967 962 968 969 964 963 965 962 953 962 965 954 950 957 963 964 953 950 956 956 952 958 961 961 957 962 965 950 957 950 955 954 954 957 959 954 950 950 957 954 951 949 955 956 955 955 955 954 954 954 952 952 953 945 946 947 934 947 940 937 938 946 947 947 946 947 941 941 947 947 947 948 937 934 911 934 940 945 944
