Input/HOURLY_GHI/2015/solar_ghi_20150101_03UT.txt
NCOLS 839
NROWS 679
XLLCORNER 112.025005
YLLCORNER -43.9750009
CELLSIZE 0.0499954
NODATA_VALUE -999
[rows 195 to 233 of 679, columns 528 to 615 of 839]
1002 1014 906 693 811 835 666 585 546 503 475 431 369 428 323 497 525 548 466 357 340 459 575 528 556 682 830 902 925 945 924 912 907 973 893 788 670 564 649 501 679 688 607 782 806 520 637 938 788 732 504 338 344 391 424 436 834 747 837 891 986 931 708 875 945 968 956 1009 1008 1009 1007 1008 1009 1008 942 1003 1006 1008 1009 1008 1009 995 981 1008 975 925 976 1001
919 1010 987 1011 818 763 942 653 503 491 470 514 482 499 443 387 494 607 736 710 804 714 567 584 705 669 950 965 917 999 1001 870 916 974 787 748 566 694 698 643 729 750 671 705 683 556 500 593 710 562 584 423 357 427 492 526 840 710 671 663 915 950 834 900 924 957 970 1008 991 1004 1009 1001 1009 1008 998 896 986 1008 1008 1008 1008 950 988 1008 1004 946 901 916
824 852 635 969 903 705 919 719 498 572 494 489 475 483 369 371 444 621 754 869 714 565 780 912 856 901 882 935 924 791 862 969 798 891 827 655 684 729 852 790 815 746 813 749 712 683 540 713 509 391 473 615 623 580 467 564 471 476 463 643 903 985 926 922 902 957 929 975 1000 990 981 996 1009 1008 1008 950 1008 1008 1009 1009 1009 936 903 1008 954 955 907 914
888 807 590 662 681 617 906 952 574 522 435 523 502 502 503 536 507 627 536 495 490 612 828 903 892 754 903 740 856 861 746 807 777 732 585 551 844 782 805 794 857 944 979 792 708 650 529 507 491 349 349 464 775 550 422 518 594 457 437 568 817 884 681 722 900 938 997 988 999 994 989 874 983 976 977 916 1010 984 1009 1009 958 951 886 1000 943 970 756 1006
610 811 722 663 753 746 918 997 643 461 361 460 517 447 476 558 598 633 503 405 452 552 607 822 923 593 731 677 830 896 928 887 795 639 646 781 808 779 853 869 863 918 882 949 712 361 455 491 406 456 411 447 507 516 344 423 504 583 597 400 502 618 639 949 858 911 815 1010 998 1001 993 908 1009 1008 992 991 987 996 1010 1009 969 997 878 1000 956 1009 1008 916
529 589 793 841 820 969 833 682 560 509 442 548 555 520 544 529 504 472 421 451 496 484 693 689 716 611 747 864 743 804 837 847 700 793 876 932 865 870 863 792 823 871 829 908 829 539 528 498 403 624 599 680 635 417 355 260 336 398 430 465 580 850 965 984 660 552 888 956 987 1005 984 978 955 1008 1008 1008 980 1008 1010 1006 969 986 994 1000 1010 1009 987 946
624 716 804 722 668 819 861 542 377 329 418 487 466 564 583 483 502 463 389 430 501 554 869 678 751 634 620 739 712 820 910 794 803 852 642 765 952 903 916 787 718 565 516 621 901 893 753 370 338 676 862 671 927 770 572 409 465 363 464 724 446 519 879 891 800 882 987 1009 1008 989 974 975 945 939 998 1007 980 1005 1006 979 968 915 931 995 1009 1004 998 1004
649 852 930 691 558 722 626 540 435 344 438 473 499 520 505 508 527 533 497 457 454 547 698 765 790 686 686 717 776 879 959 830 768 679 480 611 583 642 756 874 761 633 524 448 601 706 450 366 253 475 905 545 646 719 806 579 795 573 741 539 472 496 425 578 543 473 446 693 732 1010 986 985 947 855 897 964 957 1007 998 1008 977 916 976 1009 1000 988 1008 1001
879 1014 708 500 603 541 459 404 325 272 384 493 557 507 559 603 576 652 572 506 480 485 569 580 665 631 568 546 523 601 671 873 721 469 495 430 432 495 544 744 764 776 675 737 427 443 444 573 349 416 466 443 364 454 557 445 543 565 658 608 526 437 516 479 452 543 426 539 628 659 1010 1009 996 855 530 880 800 1007 1007 1007 1008 1005 953 1010 1002 978 948 972
888 919 716 625 611 504 319 238 233 293 320 436 538 509 573 617 677 737 652 603 625 712 667 523 509 475 446 467 500 522 791 1010 965 849 724 534 495 525 713 757 713 604 658 836 483 341 463 537 475 322 611 471 271 406 526 418 474 510 599 525 350 427 326 464 444 808 910 897 686 532 615 1010 999 990 817 918 801 742 944 1003 1007 990 1001 1009 1010 968 1008 979
889 691 579 548 611 438 346 303 240 314 352 461 499 511 496 500 627 714 791 748 691 633 439 386 376 371 372 493 521 386 492 784 889 958 895 736 513 494 494 534 789 681 808 693 543 523 900 816 492 348 387 585 356 351 475 473 422 307 350 478 478 470 408 407 414 662 763 981 969 885 788 892 1010 998 970 542 750 986 996 990 991 964 1009 1009 1009 1009 1009 1008
927 846 702 526 444 404 365 311 363 485 509 485 460 464 453 504 538 820 776 929 565 635 481 377 437 367 351 416 494 450 505 762 853 845 934 964 862 507 503 852 966 806 713 477 458 455 829 855 669 376 324 457 421 402 415 300 232 197 276 422 474 456 628 532 527 588 771 982 967 901 911 934 986 1009 994 895 925 962 987 987 960 922 996 987 1009 1009 1001 1006
959 752 536 385 353 304 320 434 501 599 505 468 496 468 457 540 680 830 655 558 413 383 480 509 537 440 347 436 492 536 697 904 957 931 947 959 930 816 553 684 858 822 801 878 615 744 805 801 821 390 467 534 503 382 384 276 225 414 488 541 626 663 829 777 883 711 957 836 733 991 997 886 893 962 996 980 955 940 982 1002 957 948 998 1006 1010 1008 1008 998
893 708 379 436 408 413 515 543 665 739 718 617 624 563 554 511 499 475 514 481 419 452 414 450 469 560 594 456 509 656 992 981 1023 979 1007 1022 1000 887 527 891 999 996 1002 898 644 740 853 752 765 424 562 775 622 837 540 328 408 548 558 490 516 837 727 760 833 892 807 654 820 1010 981 962 891 883 923 975 973 999 1000 1009 984 908 983 955 1002 971 957 989
758 844 682 672 609 473 520 656 772 821 816 774 859 835 596 533 472 473 516 416 313 343 453 533 568 478 545 499 456 465 681 962 994 1022 989 1022 994 825 851 984 990 936 946 811 708 516 816 663 510 711 724 609 494 653 480 383 340 411 442 483 500 763 502 784 686 801 835 540 486 606 1011 984 973 930 923 903 942 976 926 955 941 898 1010 1011 1010 980 1002 978
691 689 810 590 547 708 819 675 620 639 783 928 802 809 798 801 662 512 403 376 484 550 619 633 534 764 650 525 660 540 763 1034 1023 1010 988 987 1025 1019 997 992 957 1003 1021 971 675 616 899 946 898 693 631 535 544 534 522 400 412 375 407 522 641 548 493 669 591 534 533 410 549 700 900 843 879 963 872 945 849 901 987 958 831 959 998 880 940 937 1002 976
512 690 809 665 646 718 778 654 490 531 893 928 941 940 862 517 480 515 473 532 703 653 482 495 561 911 778 728 753 794 746 968 1001 1005 982 1016 1027 1026 1024 1018 930 966 1009 991 950 944 917 929 839 518 629 676 688 559 592 558 436 422 283 609 586 625 576 531 530 844 507 497 917 863 988 876 775 737 855 895 956 1001 1006 980 929 871 922 856 977 821 971 988
477 596 778 649 788 669 649 738 505 562 967 949 881 840 724 481 426 446 433 473 512 559 480 526 732 972 776 719 644 757 559 702 961 996 988 1029 1018 1013 1026 1025 1008 987 976 934 782 1018 978 746 721 522 545 782 935 526 419 482 424 338 461 565 747 678 777 538 571 764 633 864 847 828 787 978 813 756 783 804 922 991 997 974 919 809 939 918 848 917 974 999
566 636 591 613 820 890 716 639 550 814 850 839 898 572 623 613 376 425 427 428 483 491 490 562 641 874 841 762 722 942 903 957 915 996 1024 1020 1029 1006 999 1010 1007 951 1023 1018 946 965 1015 965 998 657 780 536 481 330 439 352 278 416 506 817 673 699 440 450 535 487 748 776 720 703 882 887 650 747 644 878 887 834 933 981 945 910 968 942 986 943 988 1009
603 568 578 503 627 484 582 481 473 645 966 705 669 677 846 882 772 658 595 527 480 514 639 713 780 739 788 900 903 880 900 986 950 1022 983 927 1030 1011 1029 1027 1025 1020 1022 1000 1021 1015 1009 998 1017 961 732 651 321 372 355 404 487 556 405 452 613 466 401 367 448 623 595 448 477 581 748 716 919 633 884 959 945 922 945 971 938 897 777 934 966 937 938 981
546 523 538 512 479 375 501 428 302 364 504 511 729 784 851 978 986 943 943 960 897 849 672 574 750 643 745 897 743 851 912 944 892 856 760 693 975 991 1015 1028 1014 1023 1015 1015 1021 1020 1012 1012 1012 905 785 661 382 252 296 423 497 513 318 277 335 383 437 442 494 549 435 498 499 355 525 919 867 964 986 813 943 951 999 980 983 858 915 813 864 914 991 1007
563 530 639 522 454 353 332 403 363 364 521 566 512 557 952 882 1003 979 978 1004 1022 1026 965 747 925 938 954 999 977 977 914 868 801 637 611 494 680 812 938 970 949 1023 1011 1012 961 1020 1013 1019 988 987 918 499 313 270 313 492 499 443 462 440 353 319 427 479 506 596 568 466 434 456 870 895 755 878 982 1002 983 974 1011 1000 947 868 822 992 992 970 989 968
519 496 574 692 506 452 477 370 307 404 535 570 830 774 858 931 961 974 1013 1015 1023 1037 1049 1001 1014 1024 1026 1028 1016 1009 1020 1008 1017 984 822 514 524 615 878 890 745 599 352 597 728 919 812 1004 1013 861 885 904 501 583 431 275 427 396 405 338 373 208 425 428 384 413 352 403 431 594 911 602 695 979 988 984 1010 1011 1004 994 878 858 874 759 892 971 1001 819
568 430 480 566 444 433 400 372 332 442 522 573 608 986 913 968 1033 1046 1024 1036 989 1002 1050 1024 1049 1038 1043 1035 1016 958 1008 976 1041 1017 1029 943 875 574 565 570 602 659 654 927 796 701 531 543 707 896 789 622 494 419 358 246 396 357 388 495 402 447 435 409 372 265 315 343 578 602 628 383 597 810 846 713 940 974 992 1012 915 952 973 1011 961 985 899 984
499 498 462 505 521 600 527 404 441 624 479 552 626 773 990 901 932 1006 1022 1027 977 996 1042 921 1018 1039 1036 1044 1043 1020 973 956 1030 1024 930 901 786 829 579 452 505 716 872 931 1022 690 503 439 828 897 910 931 718 613 719 458 228 473 446 528 398 351 371 452 271 222 334 331 509 594 503 539 677 817 569 734 842 683 843 984 1003 1011 892 802 871 957 946 999
526 555 490 515 579 518 451 426 616 519 698 877 885 914 1007 1000 957 845 996 1021 994 947 937 1006 1025 1043 1045 1045 1036 1004 1018 1032 1026 1026 966 1031 1000 991 814 529 691 772 885 893 997 1006 784 589 924 922 761 805 527 405 477 525 441 381 359 334 314 407 450 423 220 211 326 474 511 393 468 500 417 731 470 576 563 629 618 1012 976 973 972 947 994 901 1007 1011
639 541 534 578 539 416 281 337 457 539 626 711 715 849 1011 1032 952 909 863 996 1011 1030 952 1017 1023 1024 1049 1046 1035 1048 1047 1042 1041 1021 1003 1006 1025 977 999 980 905 779 912 716 723 798 503 392 549 702 604 435 486 465 600 759 582 497 322 297 311 350 385 468 419 223 359 387 474 394 318 474 516 539 680 739 634 636 637 823 998 963 895 732 972 1012 926 1005
508 475 470 518 457 438 412 302 445 535 674 542 669 658 746 941 914 814 911 977 935 1044 1002 988 1042 1014 1049 1042 1048 1048 1047 1047 1045 1045 986 886 1018 1010 1028 1034 869 861 1030 1026 965 955 522 325 550 565 527 345 386 550 747 492 739 448 322 255 378 436 426 521 492 264 460 332 393 442 358 310 392 588 566 655 515 761 757 882 986 964 995 1000 941 941 944 989
507 504 499 446 467 448 423 330 423 456 426 424 502 544 658 469 515 519 782 993 952 1010 1050 945 1044 1043 1030 996 978 1049 1048 1048 1046 1046 983 804 829 938 774 847 810 762 914 979 584 650 503 431 474 459 447 450 369 517 443 428 477 356 251 358 312 445 489 485 495 502 435 346 410 223 396 533 548 487 567 739 902 968 832 869 731 877 778 1006 981 894 982 924
505 498 444 342 343 369 373 315 379 435 387 425 572 510 393 414 413 443 587 822 974 968 1011 988 1004 942 906 642 740 792 1024 1048 1047 1047 1034 1001 899 782 565 536 483 522 507 952 572 592 540 372 301 202 231 328 341 372 357 290 190 205 430 492 490 395 537 417 449 449 233 262 238 214 335 419 388 447 660 921 877 846 836 685 611 720 620 847 913 974 986 1012
438 461 434 341 340 342 326 336 369 397 395 433 516 437 471 482 456 435 500 634 775 962 975 1022 1020 891 921 766 688 995 1020 1045 1037 1047 1046 1045 915 596 515 537 665 534 458 451 569 627 469 481 450 289 312 305 436 448 428 189 147 206 298 308 373 456 441 490 407 385 260 217 390 412 262 356 358 380 433 467 593 978 923 786 805 831 864 820 958 965 970 940
442 488 475 474 428 391 384 395 428 454 458 459 559 661 509 393 419 402 460 542 796 949 941 996 1029 959 679 661 684 950 1027 1045 1044 1043 1031 1038 911 699 521 511 906 894 505 419 445 546 529 475 412 407 331 327 449 475 446 448 179 219 184 303 261 298 325 318 382 466 368 325 396 383 192 385 440 474 501 535 619 675 798 847 853 775 932 764 1002 982 854 904
641 623 533 491 442 422 394 436 480 451 425 469 535 503 443 396 413 423 432 469 699 853 918 963 997 1019 710 750 745 784 960 977 974 1028 1048 1026 1010 1032 815 671 675 939 838 752 527 629 482 507 563 549 395 270 305 304 463 484 258 175 204 213 258 259 266 333 550 413 349 333 336 309 351 433 525 648 492 610 537 753 949 1004 906 892 949 771 762 928 1004 950
711 695 667 603 498 558 467 489 450 403 426 416 412 505 408 359 374 477 538 505 658 791 819 885 968 973 961 969 839 926 953 970 948 857 969 1040 999 810 1001 958 926 941 986 930 890 626 754 571 565 526 592 559 306 388 376 287 237 108 190 193 195 366 383 473 401 469 473 637 613 499 450 486 556 539 604 609 597 610 681 905 923 875 817 754 949 793 741 776
622 540 452 449 488 510 535 462 432 455 428 393 432 528 463 508 447 466 492 460 599 823 727 839 851 845 935 973 989 959 925 660 696 922 967 997 982 820 981 937 853 1025 1032 982 917 803 660 543 787 608 454 308 335 328 425 510 408 280 301 259 328 510 535 778 866 812 668 744 514 732 592 748 580 508 871 881 678 623 584 808 981 808 922 913 985 958 717 790
593 554 485 572 642 671 542 570 752 524 482 444 475 528 501 498 472 475 529 519 629 890 767 686 727 673 735 782 885 800 770 515 860 996 1015 1030 988 985 907 910 830 955 1040 1025 1031 900 713 527 691 841 452 470 501 547 722 541 521 428 434 246 368 512 618 718 1016 980 939 784 652 577 620 740 494 524 512 383 465 418 596 577 593 796 826 772 793 863 428 354
675 574 671 748 796 874 808 678 810 813 757 611 482 452 408 426 531 610 685 744 778 748 871 673 579 541 575 627 757 859 571 568 792 896 992 974 1039 915 901 854 962 1022 984 1006 1018 1002 677 813 717 870 723 851 622 559 568 642 815 561 498 539 302 453 587 457 659 954 918 779 661 537 548 606 528 461 339 361 325 446 522 470 411 486 818 790 535 424 309 385
1036 942 828 546 701 873 874 637 766 888 919 648 649 504 439 442 518 582 492 514 522 651 643 583 547 492 533 616 592 626 684 536 618 625 655 772 763 843 634 646 803 910 1008 994 995 984 985 969 1003 1001 790 658 821 661 500 488 436 398 466 635 712 872 837 919 890 594 646 927 797 765 473 618 477 426 354 376 385 260 273 442 457 711 563 686 495 444 517 364
974 879 524 509 836 888 955 878 765 820 915 702 576 601 577 532 469 475 465 446 445 463 478 437 488 505 527 529 500 472 451 509 537 595 565 500 429 666 487 458 586 733 957 848 870 909 941 948 900 923 802 867 927 842 620 484 545 335 305 553 984 954 973 901 581 494 893 900 614 554 756 770 499 477 341 364 325 279 293 416 581 665 633 587 601 561 590 395
