Input/HOURLY_GHI/2015/solar_ghi_20150101_03UT.txt
NCOLS 839
NROWS 679
XLLCORNER 112.025005
YLLCORNER -43.9750009
CELLSIZE 0.0499954
NODATA_VALUE -999
[rows 351 to 389 of 679, columns 528 to 615 of 839]
1071 1080 1111 1074 1077 1052 1085 1095 1097 1106 1112 1117 1090 1092 1107 1089 1097 1084 1103 1077 1080 1078 1095 1095 1117 1061 1091 1105 1109 1102 1098 1119 1117 1116 1073 1062 1110 1073 1092 1075 1095 1111 1111 1100 1110 1110 1108 1104 1104 1103 1102 1102 1102 1101 1091 1094 1097 1100 1085 1093 1095 1087 1084 1078 1069 1074 1070 1070 1070 1069 1037 1054 1068 1051 1046 1067 1068 1066 983 1063 987 940 1041 1039 1033 1058 958 1024
1068 1081 1068 1081 1092 1092 1075 1084 1104 1104 1083 1105 1110 1119 1098 1077 1103 1084 1095 1082 1081 1074 1102 1108 1072 1104 1073 1071 1092 1081 1122 1096 1074 1078 1078 1100 1078 1113 1112 1098 1076 1093 1100 1112 1105 1109 1107 1103 1097 1105 1102 1105 1108 1101 1092 1099 1099 1078 1083 1081 1063 1093 1086 1078 1075 1073 1071 1072 1071 1067 1068 1041 1003 1065 1067 1069 1053 1055 1057 1062 1036 1063 1062 1035 1061 994 1028 1042
1099 1085 1076 1096 1077 1077 1087 1084 1118 1086 1096 1094 1101 1126 1078 1080 1083 1098 1074 1072 1070 1082 1096 1066 1080 1082 1089 1089 1119 1106 1112 1079 1115 1068 1097 1115 1106 1086 1056 1070 1072 1086 1091 1092 1093 1106 1079 1101 1102 1072 1102 1107 1061 1077 1090 1089 1070 1085 1096 1094 1093 1094 1093 1083 1081 1081 1080 1074 1067 1069 973 1053 1067 1066 1066 1070 1063 1068 1067 1068 1064 1007 1060 989 945 1063 927 1054
1105 1086 1068 1103 1083 1085 1082 1098 1098 1109 1099 1093 1092 1078 1070 1080 1090 1080 1082 1059 1053 1086 1069 1082 1080 1102 1113 1079 1111 1117 1115 1091 1096 1113 1059 1064 1052 1096 1058 1077 1070 1105 1088 1105 1105 1105 1103 1100 1099 1101 1101 1085 1087 1069 1079 1075 1091 1078 1089 1096 1093 1075 1068 1090 1087 1088 1088 1080 1073 1067 1040 1065 1067 1069 1071 1068 1069 984 1069 1009 1067 1066 1064 1051 1039 1065 1038 1011
1086 1119 1084 1096 1089 1112 1117 1107 1091 1084 1094 1093 1104 1096 1083 1081 1082 1091 1088 1074 1078 1074 1069 1070 1086 1083 1086 1106 1085 1092 1114 1104 1087 1101 1109 1112 1105 1106 1100 1091 1096 1077 1102 1110 1108 1105 1103 1102 1101 1102 1103 1103 1102 1097 1094 1096 1078 1095 1090 1071 1078 1080 1064 1068 1092 1081 1086 1083 1073 1023 1042 1017 1044 1072 1076 1067 1016 995 1071 1072 1066 1008 1046 1064 1040 1064 1055 1019
1088 1114 1125 1126 1100 1108 1105 1101 1110 1121 1121 1115 1106 1085 1081 1099 1107 1108 1083 1072 1071 1076 1079 1073 1076 1079 1110 1115 1103 1102 1114 1102 1081 1093 1112 1081 1077 1078 1066 1101 1105 1107 1110 1094 1091 1106 1106 1077 1086 1101 1084 1097 1102 1096 1097 1071 1095 1094 1096 1082 1092 1085 1087 1087 1089 1080 1083 1081 1028 1077 1079 1077 1075 1078 1077 1079 1063 1075 1074 1062 1052 1045 1068 1055 1066 1018 1058 1049
1080 1106 1084 1089 1109 1083 1106 1119 1108 1112 1116 1093 1108 1086 1107 1095 1098 1115 1082 1076 1070 1088 1068 1074 1099 1101 1081 1097 1111 1083 1078 1079 1088 1109 1098 1105 1108 1107 1099 1102 1106 1109 1109 1090 1099 1101 1084 1094 1086 1076 1074 1090 1093 1099 1097 1096 1095 1090 1087 1091 1075 1083 1090 1091 1089 1080 1078 1079 1079 1083 1082 1068 1056 1079 1080 1078 1073 1053 1074 1075 1075 1076 1058 1028 1048 1042 1066 988
1102 1078 1108 1114 1080 1087 1090 1096 1097 1113 1098 1100 1075 1099 1097 1083 1120 1077 1069 1099 1078 1079 1106 1081 1081 1080 1081 1086 1084 1080 1080 1071 1084 1079 1071 1098 1081 1089 1108 1106 1106 1085 1085 1077 1072 1072 1075 1100 1099 1097 1098 1094 1102 1101 1098 1097 1096 1095 1093 1095 1094 1086 1086 1092 1087 1092 1083 1040 1083 1084 1071 1085 1086 1086 1053 1077 1084 1081 1080 1080 1078 1074 1073 1071 1038 1069 1017 1067
1091 1086 1110 1099 1082 1075 1088 1084 1111 1101 1112 1077 1081 1108 1089 1081 1091 1077 1072 1096 1080 1074 1076 1071 1077 1078 1078 1079 1075 1082 1108 1068 1063 1080 1096 1085 1104 1081 1085 1089 1097 1109 1064 1068 1099 1079 1079 1097 1088 1101 1087 1094 1096 1083 1082 1095 1093 1094 1087 1092 1093 1090 1090 1077 1089 1086 1092 1088 1086 1090 1089 1087 1088 1088 1084 1084 1078 1083 1082 1071 1063 1076 1025 1062 1029 1061 1050 1069
1085 1100 1096 1086 1107 1118 1110 1082 1127 1104 1082 1088 1106 1093 1091 1114 1085 1071 1098 1079 1066 1088 1076 1079 1079 1093 1093 1080 1086 1078 1096 1073 1077 1083 1081 1092 1093 1085 1077 1100 1082 1072 1067 1070 1093 1081 1099 1100 1101 1075 1095 1099 1083 1073 1073 1092 1090 1099 1082 1094 1081 1090 1090 1091 1089 1092 1064 1043 1089 1070 1059 1045 1087 1085 1086 1087 1084 1066 1065 1074 1058 1077 1078 1065 1053 1076 1061 1005
1102 1102 1109 1120 1084 1100 1104 1114 1127 1090 1121 1089 1093 1084 1080 1076 1056 1053 1057 1066 1074 1076 1069 1073 1089 1110 1089 1095 1078 1081 1086 1084 1084 1100 1105 1106 1109 1107 1086 1074 1082 1066 1056 1074 1075 1071 1100 1096 1082 1097 1092 1074 1085 1093 1092 1091 1073 1060 1073 1071 1084 1092 1090 1071 1091 1091 1067 1013 1072 1077 1073 1067 1088 1087 1088 1072 1084 1079 1082 1066 1076 1080 1078 1065 1075 1038 1023 1061
1107 1114 1095 1116 1114 1091 1101 1081 1084 1105 1092 1090 1093 1085 1082 1073 1069 1073 1074 1085 1081 1075 1089 1075 1091 1110 1106 1091 1093 1096 1082 1089 1100 1110 1110 1108 1103 1081 1103 1095 1090 1085 1062 1046 1076 1090 1084 1074 1085 1099 1082 1092 1087 1092 1092 1092 1090 1080 1074 1087 1080 1075 1076 1086 1068 1074 1085 1071 1085 1086 1084 1087 1091 1087 1067 1082 1076 1078 1084 1080 1041 1027 1083 1012 1052 1058 1074 1040
1108 1103 1104 1109 1111 1089 1112 1111 1118 1086 1080 1090 1087 1083 1068 1075 1079 1080 1069 1073 1078 1081 1079 1079 1073 1077 1095 1088 1088 1079 1091 1096 1079 1082 1100 1086 1093 1104 1070 1083 1083 1070 1085 1064 1087 1099 1080 1090 1097 1070 1092 1075 1085 1080 1093 1092 1092 1089 1085 1086 1070 1084 1084 1084 1079 1083 1085 1086 1085 1086 1084 1087 1092 1066 1072 1071 1079 1085 1083 1083 1082 1077 1057 1083 1055 1078 1068 1055
1081 1085 1074 1074 1085 1092 1088 1079 1074 1074 1082 1084 1078 1069 1075 1076 1080 1082 1081 1078 1082 1076 1079 1088 1076 1078 1087 1085 1078 1085 1087 1079 1065 1071 1081 1099 1066 1086 1084 1078 1081 1095 1073 1088 1097 1072 1085 1087 1071 1066 1090 1074 1088 1077 1090 1076 1092 1090 1082 1080 1076 1077 1071 1074 1072 1082 1085 1086 1071 1087 1086 1086 1081 1066 1084 1084 1081 1085 1084 1072 1069 1083 1057 1043 1063 1057 1045 1038
1068 1067 1078 1077 1085 1075 1080 1083 1082 1080 1081 1078 1069 1069 1079 1081 1078 1083 1073 1072 1081 1076 1070 1087 1091 1077 1080 1075 1087 1081 1076 1076 1078 1080 1095 1094 1101 1102 1085 1098 1086 1095 1075 1077 1069 1074 1076 1090 1071 1074 1074 1092 1093 1094 1081 1083 1071 1071 1090 1088 1086 1084 1083 1081 1081 1078 1073 1073 1073 1065 1065 1079 1082 1065 1064 1062 1055 1063 1066 1069 1063 1068 1072 1053 1015 1081 1057 1078
1081 1084 1099 1085 1091 1081 1099 1093 1116 1109 1108 1095 1066 1075 1082 1076 1076 1058 1053 1075 1084 1077 1078 1080 1095 1093 1074 1074 1091 1087 1085 1080 1106 1085 1075 1076 1080 1080 1080 1094 1091 1076 1088 1094 1094 1080 1095 1069 1081 1080 1074 1089 1092 1071 1069 1080 1069 1077 1084 1070 1071 1086 1080 1078 1072 1067 1069 1067 1068 1079 1066 1066 1080 1080 1062 1066 1065 1064 1074 1079 1069 1081 1082 1080 1042 1064 1047 1062
1082 1080 1081 1106 1087 1089 1096 1085 1084 1094 1078 1074 1059 1092 1078 1091 1089 1087 1108 1108 1089 1080 1082 1086 1075 1079 1080 1104 1085 1073 1069 1096 1109 1108 1083 1073 1084 1101 1098 1098 1089 1083 1095 1076 1090 1091 1078 1071 1090 1079 1089 1091 1075 1093 1085 1084 1068 1080 1061 1071 1083 1080 1065 1082 1083 1074 1081 1056 1065 1062 1068 1062 1064 1064 1079 1079 1082 1081 1075 1066 1075 1066 1082 1080 1079 1059 1080 1078
1085 1078 1075 1073 1070 1083 1083 1078 1075 1066 1067 1076 1079 1084 1078 1079 1079 1084 1087 1085 1097 1087 1074 1078 1078 1079 1081 1072 1065 1063 1076 1075 1100 1063 1075 1079 1095 1087 1098 1099 1096 1094 1086 1077 1081 1094 1091 1087 1088 1076 1089 1081 1076 1072 1074 1086 1087 1090 1086 1078 1066 1066 1066 1076 1082 1080 1080 1080 1077 1075 1051 1044 1082 1078 1078 1079 1078 1078 1079 1078 1062 1063 1058 1079 1076 1052 1041 1079
1091 1082 1074 1082 1077 1081 1077 1074 1076 1069 1080 1079 1082 1088 1084 1073 1078 1084 1081 1077 1072 1080 1083 1078 1086 1074 1069 1075 1077 1064 1070 1079 1078 1091 1090 1087 1086 1073 1074 1102 1096 1096 1073 1092 1093 1072 1069 1093 1081 1088 1077 1087 1073 1065 1064 1071 1075 1070 1074 1078 1078 1074 1065 1064 1060 1054 1055 1060 1072 1076 1077 1061 1060 1073 1075 1065 1072 1071 1073 1079 1079 1081 1064 1061 1059 1065 1046 1032
1077 1087 1086 1076 1072 1056 1055 1055 1067 1095 1087 1082 1083 1094 1091 1106 1086 1077 1078 1093 1075 1076 1075 1075 1062 1073 1068 1068 1066 1070 1072 1086 1080 1048 1070 1062 1075 1073 1076 1086 1067 1083 1086 1094 1095 1076 1093 1081 1089 1091 1093 1071 1092 1082 1065 1069 1091 1090 1086 1087 1071 1070 1071 1078 1065 1065 1066 1060 1043 1065 1059 1047 1059 1044 1044 1060 1058 1061 1073 1076 1079 1072 1057 1062 1078 1078 1076 1080
1085 1083 1077 1064 1049 1099 1096 1096 1083 1090 1082 1101 1081 1081 1084 1088 1088 1086 1079 1080 1086 1089 1090 1076 1075 1065 1070 1088 1071 1083 1085 1075 1064 1064 1064 1077 1080 1064 1094 1096 1071 1091 1088 1085 1083 1068 1095 1094 1093 1094 1086 1074 1092 1072 1082 1088 1092 1069 1069 1068 1083 1068 1065 1067 1069 1066 1058 1059 1045 1061 1038 1029 1025 1037 1038 1051 1058 1044 1065 1078 1076 1057 1049 1033 1060 1074 1079 1071
1053 1056 1056 1059 1105 1085 1091 1055 1056 1078 1094 1080 1095 1081 1071 1075 1069 1078 1077 1069 1073 1075 1075 1075 1075 1066 1079 1062 1072 1069 1067 1065 1063 1069 1079 1088 1093 1079 1078 1081 1094 1093 1074 1080 1079 1086 1079 1084 1093 1085 1087 1070 1092 1078 1066 1086 1080 1084 1065 1088 1079 1076 1079 1082 1078 1069 1058 1049 1042 1044 1054 1078 1062 1057 1055 1077 1081 1077 1057 1067 1073 1062 1070 1054 1055 1053 1080 1065
1067 1081 1082 1109 1086 1080 1072 1101 1102 1081 1079 1078 1094 1088 1088 1079 1077 1073 1066 1077 1074 1073 1067 1066 1069 1072 1075 1066 1065 1070 1070 1068 1060 1064 1077 1076 1075 1097 1089 1077 1094 1089 1084 1079 1095 1075 1086 1087 1072 1095 1074 1068 1060 1061 1069 1076 1077 1075 1090 1067 1078 1079 1088 1086 1082 1069 1067 1064 1083 1051 1033 1039 1048 1037 1028 1081 1082 1067 1028 1075 1076 1056 1074 1064 1057 1072 1069 1078
1069 1059 1085 1081 1079 1090 1066 1091 1092 1066 1099 1109 1106 1090 1077 1075 1091 1076 1075 1080 1085 1086 1081 1075 1068 1097 1068 1062 1063 1069 1071 1070 1070 1071 1074 1068 1087 1078 1076 1073 1090 1076 1087 1095 1095 1085 1093 1086 1090 1084 1074 1090 1092 1091 1091 1087 1078 1055 1053 1085 1089 1090 1069 1081 1069 1069 1065 1066 1061 1066 1048 1026 1042 1045 1050 1066 1041 1037 1048 1055 1047 1063 1036 1047 1048 1077 1078 1079
1073 1071 1072 1066 1074 1072 1094 1078 1095 1089 1088 1073 1058 1077 1078 1079 1071 1075 1076 1068 1070 1073 1077 1075 1074 1072 1063 1062 1062 1067 1043 1062 1066 1069 1072 1077 1094 1087 1076 1070 1073 1080 1086 1073 1093 1094 1089 1077 1094 1095 1084 1073 1071 1051 1069 1065 1070 1072 1067 1089 1091 1088 1089 1087 1069 1081 1086 1065 1063 1056 1054 1030 1030 1036 1051 1075 1055 1078 1076 1065 1059 1047 1067 1064 1049 1042 1056 1079
1079 1098 1083 1088 1076 1084 1070 1104 1082 1078 1063 1060 1060 1047 1072 1079 1088 1078 1073 1092 1072 1074 1080 1074 1073 1071 1042 1061 1074 1106 1096 1071 1069 1068 1072 1095 1077 1076 1070 1074 1081 1081 1090 1077 1087 1074 1068 1083 1095 1072 1093 1089 1087 1073 1086 1092 1073 1069 1070 1058 1094 1092 1071 1089 1087 1082 1085 1068 1062 1085 1066 1041 1045 1031 1034 1047 1086 1089 1087 1087 1086 1078 1059 1073 1073 1043 1068 1076
1083 1075 1080 1100 1087 1075 1084 1079 1069 1066 1078 1065 1071 1056 1080 1082 1078 1084 1087 1076 1078 1080 1078 1095 1078 1069 1069 1069 1070 1067 1072 1079 1076 1074 1094 1075 1070 1079 1078 1074 1074 1082 1083 1091 1092 1092 1065 1090 1094 1097 1073 1068 1088 1088 1090 1077 1088 1093 1071 1075 1056 1080 1089 1091 1092 1068 1065 1053 1051 1087 1080 1052 1054 1041 1036 1061 1080 1069 1087 1092 1092 1087 1056 1076 1071 1068 1050 1047
1075 1079 1079 1081 1103 1080 1101 1083 1085 1097 1068 1072 1074 1081 1065 1077 1083 1079 1079 1070 1077 1078 1066 1063 1058 1065 1069 1063 1062 1061 1052 1060 1085 1083 1096 1070 1073 1078 1075 1075 1072 1069 1094 1088 1086 1093 1078 1080 1095 1064 1071 1086 1090 1095 1077 1095 1070 1072 1091 1072 1069 1063 1088 1090 1090 1087 1069 1061 1085 1075 1065 1054 1053 1057 1040 1034 1047 1058 1076 1091 1093 1095 1041 1034 1057 1079 1078 1063
1081 1089 1086 1090 1073 1100 1103 1096 1094 1091 1080 1082 1061 1063 1073 1068 1086 1091 1075 1080 1073 1071 1064 1067 1074 1081 1067 1063 1067 1069 1066 1062 1068 1099 1068 1066 1069 1071 1066 1070 1072 1065 1069 1068 1070 1070 1081 1093 1082 1088 1073 1085 1093 1093 1095 1068 1088 1090 1092 1078 1089 1056 1068 1093 1089 1091 1090 1070 1087 1066 1087 1064 1075 1054 1040 1035 1035 1030 1059 1076 1090 1091 1089 1074 1058 1080 1070 1066
1074 1073 1071 1086 1089 1095 1086 1080 1060 1061 1082 1084 1082 1086 1094 1093 1061 1068 1074 1083 1057 1066 1085 1104 1101 1082 1087 1075 1042 1061 1066 1050 1068 1051 1059 1063 1073 1071 1066 1068 1077 1074 1066 1088 1092 1084 1083 1083 1090 1084 1089 1084 1089 1088 1075 1078 1090 1090 1079 1072 1090 1081 1059 1057 1088 1064 1055 1088 1088 1063 1085 1053 1081 1069 1073 1047 1041 1029 1028 1032 1060 1063 1053 1051 1056 1075 1072 1075
1071 1074 1094 1096 1095 1103 1081 1087 1081 1082 1078 1070 1091 1096 1096 1088 1084 1068 1065 1070 1077 1097 1082 1053 1060 1073 1098 1077 1063 1057 1053 1059 1065 1069 1052 1068 1074 1072 1067 1073 1067 1064 1060 1070 1071 1089 1089 1091 1095 1094 1093 1092 1094 1090 1093 1076 1077 1065 1087 1065 1084 1079 1089 1065 1088 1084 1062 1063 1086 1050 1062 1058 1064 1063 1068 1072 1065 1049 1045 1039 1035 1034 1036 1083 1068 1072 1052 1076
1077 1083 1099 1078 1078 1080 1079 1074 1082 1096 1095 1095 1089 1077 1087 1085 1082 1074 1074 1092 1077 1053 1041 1050 1064 1071 1054 1062 1084 1063 1059 1073 1067 1057 1061 1076 1064 1065 1065 1084 1063 1072 1063 1073 1075 1072 1092 1093 1092 1076 1095 1093 1095 1093 1087 1078 1071 1073 1092 1090 1068 1078 1091 1090 1089 1087 1073 1068 1066 1055 1060 1050 1055 1053 1059 1050 1054 1051 1059 1077 1086 1061 1031 1039 1037 1045 1047 1077
1072 1084 1082 1078 1068 1071 1070 1069 1074 1079 1081 1076 1075 1081 1095 1083 1082 1079 1081 1078 1073 1070 1060 1070 1052 1055 1065 1052 1103 1091 1065 1073 1077 1067 1059 1067 1068 1070 1075 1059 1073 1089 1072 1071 1081 1078 1093 1095 1096 1095 1094 1094 1096 1094 1094 1093 1079 1092 1073 1075 1070 1081 1065 1066 1087 1088 1086 1085 1084 1084 1071 1055 1053 1052 1050 1058 1050 1050 1040 1034 1038 1058 1056 1046 1049 1039 1062 1079
1075 1072 1073 1073 1077 1087 1096 1092 1077 1075 1080 1075 1087 1094 1089 1077 1064 1079 1075 1093 1077 1077 1072 1079 1073 1069 1066 1072 1052 1080 1072 1091 1070 1060 1074 1072 1068 1069 1085 1096 1091 1070 1088 1074 1075 1074 1083 1096 1069 1096 1099 1100 1095 1094 1096 1095 1096 1086 1075 1071 1082 1090 1078 1067 1063 1065 1084 1061 1085 1084 1084 1053 1080 1080 1040 1058 1044 1042 1046 1070 1062 1045 1049 1047 1044 1033 1049 1068
1072 1074 1092 1077 1079 1096 1069 1062 1074 1094 1074 1078 1086 1095 1077 1065 1066 1073 1092 1095 1079 1076 1073 1077 1075 1085 1070 1067 1075 1063 1058 1096 1063 1071 1073 1078 1076 1069 1095 1077 1058 1073 1088 1089 1077 1074 1091 1068 1072 1095 1074 1100 1095 1095 1094 1097 1080 1094 1093 1090 1088 1092 1090 1083 1068 1088 1063 1069 1082 1060 1072 1066 1079 1080 1055 1072 1065 1058 1053 1067 1083 1083 1081 1084 1086 1074 1044 1036
1074 1073 1077 1078 1081 1083 1072 1080 1087 1092 1092 1091 1091 1079 1082 1083 1090 1083 1080 1078 1073 1077 1079 1079 1074 1070 1075 1065 1076 1067 1068 1079 1073 1070 1071 1072 1095 1099 1100 1066 1061 1073 1067 1081 1090 1094 1093 1091 1094 1096 1099 1090 1077 1092 1096 1076 1076 1075 1076 1089 1090 1092 1071 1086 1089 1078 1091 1071 1068 1064 1056 1054 1053 1079 1057 1053 1067 1076 1061 1044 1044 1038 1041 1046 1086 1065 1085 1082
1075 1083 1073 1076 1088 1078 1083 1086 1079 1080 1076 1076 1094 1096 1078 1074 1078 1081 1084 1075 1081 1087 1072 1073 1075 1075 1094 1077 1068 1072 1072 1068 1062 1065 1074 1078 1100 1085 1076 1099 1094 1090 1094 1095 1070 1070 1093 1095 1089 1085 1080 1081 1090 1094 1094 1072 1082 1084 1092 1091 1091 1091 1090 1086 1089 1089 1066 1077 1060 1065 1075 1075 1064 1061 1062 1064 1061 1054 1054 1047 1061 1041 1044 1038 1084 1086 1088 1087
1079 1077 1076 1083 1073 1088 1082 1096 1080 1073 1080 1089 1072 1080 1073 1074 1076 1075 1073 1070 1068 1070 1073 1073 1079 1071 1070 1075 1074 1055 1054 1045 1069 1063 1085 1088 1077 1064 1065 1071 1055 1086 1082 1066 1064 1069 1080 1082 1092 1073 1089 1096 1085 1080 1073 1075 1090 1087 1090 1083 1083 1090 1094 1091 1090 1092 1082 1072 1068 1083 1067 1077 1069 1069 1054 1052 1055 1075 1041 1035 1065 1052 1058 1069 1086 1087 1090 1091
1083 1083 1094 1081 1070 1079 1077 1073 1069 1075 1079 1087 1079 1078 1079 1077 1070 1091 1068 1073 1088 1076 1076 1085 1079 1067 1080 1060 1062 1072 1063 1069 1071 1057 1094 1085 1070 1062 1070 1075 1079 1074 1058 1062 1091 1066 1068 1069 1074 1066 1086 1078 1078 1084 1071 1075 1071 1076 1084 1089 1089 1091 1093 1095 1086 1074 1074 1075 1057 1079 1061 1060 1063 1060 1051 1055 1059 1051 1046 1055 1050 1047 1053 1059 1070 1076 1089 1091
