Input/HOURLY_GHI/2015/solar_ghi_20150101_01UT.txt
NCOLS 839
NROWS 679
XLLCORNER 112.025005
YLLCORNER -43.9750009
CELLSIZE 0.0499954
NODATA_VALUE -999
[rows 429 to 467 of 679, columns 88 to 175 of 839]
896 905 902 895 898 900 898 896 898 900 898 895 902 896 909 904 905 911 909 913 905 915 914 911 906 911 906 922 918 922 920 923 920 920 916 918 919 921 917 927 926 922 932 931 920 933 922 927 934 926 926 933 925 936 928 927 921 928 929 929 939 928 912 925 935 937 933 935 935 936 931 937 934 936 937 937 913 937 938 928 932 932 937 936 938 937 936 930
903 907 903 902 894 896 899 898 901 898 898 905 902 907 895 905 906 910 907 905 906 910 907 913 905 912 922 912 920 922 926 911 909 917 916 919 919 932 922 918 933 929 929 933 925 933 914 918 934 923 935 936 925 934 925 937 930 939 931 923 927 938 919 932 936 936 933 936 937 937 936 935 926 928 932 934 936 938 940 934 928 936 937 937 933 934 931 937
902 897 909 905 899 902 903 900 904 899 905 898 906 910 907 905 910 906 911 910 918 914 912 915 900 902 915 912 906 912 919 911 919 920 916 922 918 920 920 910 921 924 934 924 934 925 919 914 926 926 916 930 932 927 919 937 928 937 938 933 937 932 934 930 933 933 930 934 938 938 938 939 936 936 935 936 930 939 940 934 934 933 935 939 937 935 931 934
905 901 905 914 900 905 900 891 895 898 902 905 903 902 905 904 905 911 917 911 907 914 908 916 908 908 910 913 918 923 923 917 921 928 923 914 923 927 927 926 911 922 921 926 935 919 930 924 923 922 935 933 933 929 925 930 923 921 927 936 929 914 931 926 937 927 936 931 925 936 940 933 938 940 928 941 928 940 941 941 937 931 938 940 936 935 940 936
906 912 899 908 901 901 905 899 902 896 899 907 898 896 900 904 904 911 910 910 913 913 909 909 914 904 906 899 921 916 918 921 917 922 932 920 922 922 922 924 921 921 928 931 935 937 922 922 922 925 916 935 937 928 937 938 916 915 925 931 939 917 929 928 937 935 936 939 934 927 937 938 927 940 941 933 936 939 941 942 940 936 936 935 938 936 940 932
897 901 901 904 904 899 902 897 900 894 897 898 901 902 907 901 897 903 908 910 908 906 917 912 908 922 909 903 909 913 915 920 930 913 929 927 923 921 918 926 928 918 920 923 920 932 917 918 924 921 912 930 932 924 930 938 928 937 938 938 924 923 928 934 931 938 935 934 939 938 932 940 940 928 927 941 940 933 933 942 939 939 943 939 942 937 934 938
902 899 911 912 902 905 902 901 910 899 899 903 900 900 908 900 899 899 908 909 905 907 911 899 906 924 911 917 912 920 912 913 921 921 924 926 923 924 921 922 920 918 918 925 921 920 925 925 922 930 923 934 936 937 935 928 920 921 924 928 935 926 929 936 937 937 938 939 939 940 937 934 941 938 940 942 937 943 934 943 944 941 940 943 933 941 941 940
907 903 908 911 906 900 902 903 905 901 903 909 903 906 901 897 896 900 904 905 909 908 912 913 907 921 921 913 921 905 920 914 920 921 922 920 928 923 923 924 928 918 927 925 928 927 932 926 922 924 919 928 936 931 938 938 936 918 925 923 925 925 936 936 936 938 929 935 935 937 938 934 935 935 933 938 937 944 932 930 936 944 943 944 938 936 938 941
907 905 903 908 911 909 896 904 900 907 899 904 895 904 910 906 903 901 906 909 908 909 902 904 907 913 916 910 925 917 914 921 917 922 919 920 920 928 928 924 930 933 922 928 924 923 921 933 928 926 915 913 923 936 938 938 926 932 931 932 920 922 936 937 934 938 939 933 940 934 935 931 940 940 943 932 933 942 943 944 943 944 944 941 944 943 937 941
905 904 907 904 910 910 907 908 893 909 901 897 893 896 892 904 903 909 904 911 913 911 906 902 903 906 913 911 907 911 913 918 916 922 928 927 918 924 918 929 916 936 925 924 931 925 927 923 923 926 921 921 920 905 918 939 928 924 932 939 926 933 936 937 935 937 938 940 938 933 937 933 941 922 942 942 929 935 938 938 937 939 944 944 939 940 942 942
907 904 907 908 911 897 898 906 899 901 896 894 898 899 902 895 903 891 905 907 910 902 903 908 909 908 907 907 911 911 913 912 913 919 923 929 924 923 927 927 920 921 927 922 926 930 924 927 924 925 931 927 937 928 939 939 931 929 935 938 934 935 938 930 932 931 938 938 941 940 940 935 933 943 933 943 944 929 941 937 944 941 938 944 944 932 935 943
905 907 908 907 910 908 912 896 901 904 898 899 894 902 904 908 904 902 894 900 904 905 910 906 911 904 906 912 912 922 912 914 912 921 921 928 928 921 925 928 921 923 927 927 928 927 928 924 925 928 926 922 928 926 937 932 914 934 938 931 939 934 939 937 938 938 937 939 937 940 940 940 940 941 941 942 943 944 941 943 943 944 940 941 943 944 943 945
905 906 907 904 900 908 897 903 895 903 893 900 897 889 900 902 909 904 905 892 902 910 905 907 906 910 914 903 911 910 913 911 912 916 914 924 926 924 926 925 921 921 934 924 927 926 923 925 920 926 930 927 925 940 914 940 917 936 938 936 939 936 938 938 930 939 937 939 939 939 936 940 941 939 940 941 938 940 939 942 942 943 943 943 943 940 935 931
906 904 906 906 909 912 899 904 898 902 908 908 901 899 903 902 903 901 904 899 907 902 905 913 911 904 909 903 905 908 908 910 911 913 913 917 924 926 923 925 928 922 922 926 926 925 923 931 927 920 931 926 923 922 925 924 926 936 939 938 936 938 938 940 939 938 938 937 940 935 937 941 940 938 935 939 941 942 942 938 942 943 942 941 943 943 936 938
907 904 905 905 905 897 913 899 902 896 899 906 906 896 898 907 904 909 892 902 908 904 893 902 902 909 904 907 908 908 911 908 910 910 902 914 919 922 924 913 921 918 917 925 922 923 926 930 931 925 925 929 917 937 925 925 909 927 939 932 940 939 937 937 939 939 938 938 940 938 938 941 942 941 936 942 942 937 940 942 936 943 942 943 944 935 942 949
905 905 905 902 894 894 895 898 902 897 905 898 900 897 893 901 900 898 902 904 899 901 886 912 903 908 906 901 901 901 906 903 909 910 908 910 912 919 921 921 925 920 918 913 935 928 922 919 926 925 926 929 925 915 927 924 933 906 936 930 939 941 928 936 939 938 940 938 941 937 941 942 936 943 939 937 942 941 935 941 938 938 934 911 941 940 932 949
906 907 908 900 894 897 895 904 901 900 903 899 894 897 898 899 899 898 895 904 896 900 897 906 898 908 906 905 905 912 925 903 913 904 902 910 911 910 924 917 928 919 920 933 921 923 920 936 917 930 927 922 935 929 926 926 933 926 915 930 939 937 938 936 939 937 940 941 935 937 942 942 941 943 943 943 942 940 925 935 944 880 813 892 944 946 944 948
905 904 906 909 910 903 898 900 902 895 899 896 908 900 895 911 903 900 898 900 900 902 899 903 902 905 912 903 905 900 918 909 910 911 904 896 900 913 911 909 930 909 915 930 918 921 920 923 925 923 925 924 928 920 932 933 932 922 930 919 929 937 940 934 934 938 934 941 943 935 942 943 941 942 941 943 941 944 931 924 927 934 946 945 932 946 935 946
907 906 904 908 910 898 907 911 904 893 913 905 906 902 899 901 897 899 894 885 893 897 906 907 910 907 914 908 911 908 915 915 911 910 903 917 911 916 918 914 915 917 921 926 920 922 921 933 917 932 928 923 923 930 929 934 927 924 932 935 926 934 939 938 939 942 938 941 942 937 943 943 943 940 942 943 938 944 943 944 931 944 914 946 879 929 940 946
907 907 908 906 910 907 908 895 901 887 914 903 903 899 905 904 902 905 905 899 899 898 905 903 908 903 909 908 908 909 907 909 909 914 908 915 911 843 916 921 917 915 915 919 930 922 916 922 916 927 926 927 929 926 932 928 932 933 928 928 927 921 924 934 940 937 939 942 940 942 943 942 943 943 943 943 942 941 940 943 932 919 915 932 932 937 943 943
903 907 908 895 898 908 910 903 897 889 896 895 901 897 905 903 898 900 910 918 901 905 902 900 908 904 897 906 904 900 902 909 914 915 915 918 920 908 906 917 915 916 922 905 915 924 918 925 920 922 928 923 927 926 932 921 938 931 939 937 930 941 923 926 940 936 938 941 942 941 943 940 939 941 943 941 942 943 934 940 931 926 923 938 944 939 944 944
907 904 908 903 891 894 904 912 901 899 905 900 909 902 906 904 905 899 899 896 913 907 899 905 902 914 898 899 907 893 905 907 914 910 913 918 913 914 910 911 913 910 915 916 917 922 922 927 924 927 925 924 922 929 931 924 926 938 923 932 933 928 928 929 935 941 940 941 941 942 939 940 943 943 944 936 941 944 916 924 945 946 933 928 938 936 941 945
907 906 908 907 897 893 894 906 905 901 898 899 900 905 903 905 905 907 904 905 904 906 904 903 905 902 907 908 898 906 912 907 916 910 911 911 921 916 908 902 885 920 918 917 923 916 928 927 921 933 930 921 931 935 934 929 927 938 933 927 936 930 934 930 918 921 935 940 941 941 942 942 941 940 943 942 941 943 937 926 934 943 945 935 943 939 942 943
892 907 909 898 905 904 897 902 899 903 902 903 901 903 907 908 906 906 902 904 906 909 902 900 903 902 901 911 902 906 909 907 914 912 907 916 912 915 916 925 893 914 917 916 914 914 915 927 914 914 933 911 931 934 937 926 926 937 938 925 937 939 939 937 940 931 923 935 940 941 942 937 943 932 942 942 943 940 943 943 938 942 945 946 939 940 942 943
897 907 902 896 901 911 893 898 899 892 905 913 911 909 907 910 914 902 907 902 909 909 908 911 908 908 903 903 910 911 912 905 917 915 915 910 912 913 919 916 905 897 912 911 907 914 922 927 920 917 923 916 929 933 935 931 931 934 929 930 935 930 939 932 931 934 924 936 938 940 940 941 942 939 942 939 940 942 940 941 943 944 943 942 945 941 941 945
898 903 902 902 897 904 900 900 899 894 909 911 913 911 904 911 910 906 905 902 905 909 909 913 913 911 908 908 906 908 909 907 909 916 914 909 908 911 909 917 917 908 910 917 914 913 916 918 928 921 925 918 927 931 932 934 925 933 936 936 937 930 938 938 935 939 933 925 937 936 939 940 937 940 941 941 934 940 942 939 942 943 944 937 941 945 940 938
889 908 899 902 906 902 897 900 895 900 893 901 906 904 895 902 904 904 908 904 911 910 912 910 910 911 911 913 903 907 906 906 914 911 908 909 914 914 913 915 921 916 919 909 916 915 918 918 920 931 929 921 919 920 924 932 934 928 935 935 935 936 933 935 936 933 935 927 921 933 930 935 939 940 940 940 939 934 941 924 935 942 944 939 937 935 939 942
907 902 900 894 910 895 894 898 897 893 881 895 914 903 898 904 897 906 906 907 908 903 913 906 905 914 914 906 910 916 913 914 914 910 911 913 914 911 913 919 912 915 915 915 917 926 917 916 909 931 923 923 921 932 921 924 933 930 933 935 937 936 937 937 927 938 933 940 927 928 937 934 933 939 938 936 940 937 941 942 934 939 942 938 939 934 938 944
906 905 909 897 906 897 896 901 894 900 896 897 904 901 899 904 917 908 911 903 911 908 912 910 901 919 907 911 906 912 917 911 909 916 915 914 912 912 914 914 912 923 914 920 920 917 915 923 917 916 914 927 917 932 934 927 931 931 927 928 936 937 929 939 906 930 935 939 935 931 923 936 936 938 939 934 939 937 941 936 935 931 930 934 943 935 920 928
905 899 896 906 911 901 899 899 899 899 897 902 906 899 903 900 902 905 905 906 906 910 905 911 904 905 911 915 908 911 907 909 904 910 909 911 907 915 923 909 911 903 901 911 911 922 927 925 924 926 920 913 925 924 929 931 931 929 928 931 934 936 937 938 932 933 929 933 939 939 927 917 934 934 940 937 937 940 940 936 930 917 882 850 807 868 810 764
905 907 903 897 893 897 906 898 900 900 901 903 903 905 902 900 906 906 908 912 906 917 903 910 914 905 909 919 910 919 911 909 914 914 912 911 916 907 911 916 920 900 920 922 916 913 918 922 921 923 923 913 916 900 929 932 930 928 934 931 931 933 928 935 931 929 938 931 934 940 939 936 924 936 939 937 938 940 936 934 926 917 880 792 693 771 800 787
905 906 907 907 904 896 900 900 903 901 906 901 892 902 904 908 914 899 908 910 906 903 906 909 913 900 909 914 907 917 908 911 915 914 910 911 924 916 911 922 892 863 917 922 919 916 921 926 929 930 924 926 932 926 917 923 933 926 931 928 927 934 933 935 926 928 938 939 937 933 936 938 921 928 939 935 937 937 935 931 925 874 647 728 809 724 741 862
905 906 906 909 905 897 903 896 898 897 907 905 900 894 914 896 907 902 910 906 913 914 905 908 908 909 910 917 908 906 917 911 907 912 919 902 924 923 919 891 699 882 915 920 920 912 918 920 924 929 928 924 924 932 905 919 922 922 908 906 906 905 926 934 936 934 935 937 938 938 939 928 923 914 925 933 938 933 935 928 907 810 651 683 773 792 741 790
906 906 907 909 900 897 893 896 899 891 904 900 902 903 903 900 909 908 913 902 908 908 914 907 908 913 915 910 910 911 915 917 917 915 913 912 918 918 915 819 731 891 923 922 919 917 923 923 911 929 925 927 929 925 920 928 930 922 879 833 730 795 851 914 924 936 937 937 937 937 934 934 905 888 890 910 933 928 932 922 889 846 758 755 764 835 837 735
906 904 906 908 910 900 903 899 897 902 901 904 906 906 908 907 907 904 909 909 904 909 906 905 902 907 911 909 912 913 909 916 912 916 921 915 918 914 925 898 857 848 903 919 919 919 917 929 924 919 917 929 929 931 912 927 933 907 848 783 760 873 860 848 911 923 930 937 924 930 925 918 898 842 814 769 866 908 912 898 845 749 793 843 858 806 762 792
906 906 905 907 910 903 901 900 903 900 904 904 901 904 903 906 903 905 905 909 909 907 911 911 908 909 907 906 912 921 910 909 919 914 914 914 918 914 921 926 930 816 908 918 916 928 917 919 929 919 923 922 920 926 917 932 923 904 746 644 708 810 837 871 876 915 900 913 921 915 906 894 837 772 687 564 700 761 757 742 825 733 655 670 720 771 789 737
904 905 907 908 907 902 901 898 902 897 905 906 906 914 904 907 903 906 907 906 906 909 909 914 906 884 909 904 910 912 912 906 908 916 915 912 911 905 925 926 927 922 907 920 920 923 929 918 926 929 924 929 924 922 924 922 907 875 793 770 837 881 775 644 760 778 780 848 882 868 867 819 777 738 559 570 545 573 602 678 753 678 671 570 543 577 606 590
905 906 904 908 908 905 906 902 901 901 910 900 903 903 901 907 911 905 908 915 899 906 916 913 912 895 905 912 914 911 910 915 915 915 918 917 913 916 921 922 922 927 917 924 921 922 920 924 919 917 919 926 920 906 914 901 901 883 771 765 774 821 771 713 508 549 629 685 725 761 703 689 631 601 524 696 519 534 589 643 735 673 591 505 466 539 552 546
903 907 907 908 908 910 903 903 902 899 902 898 906 897 900 907 910 907 895 904 912 910 910 910 909 904 914 912 914 915 917 906 914 916 917 918 921 919 918 916 914 927 902 918 921 923 922 929 924 920 929 929 929 913 869 799 807 858 775 692 722 760 723 715 575 492 560 529 545 539 510 506 470 460 448 501 526 545 578 554 584 571 515 484 456 514 527 465
