Input/HOURLY_GHI/2015/solar_ghi_20150101_01UT.txt
NCOLS 839
NROWS 679
XLLCORNER 112.025005
YLLCORNER -43.9750009
CELLSIZE 0.0499954
NODATA_VALUE -999
[rows 156 to 194 of 679, columns 352 to 439 of 839]
976 976 974 977 965 966 894 743 850 638 665 772 780 907 952 921 751 883 697 764 748 766 842 926 919 851 579 521 475 473 497 605 621 694 573 468 387 354 299 266 272 293 382 382 411 475 535 589 575 559 529 531 597 560 528 527 559 621 684 583 517 580 577 540 573 631 756 701 598 588 680 648 589 652 662 590 590 590 668 668 473 575 670 476 464 385 465 753
948 945 972 946 939 942 950 787 803 641 650 763 927 955 940 938 884 763 764 751 865 913 939 953 934 926 683 528 486 423 470 502 561 583 518 513 479 438 355 314 304 313 323 423 440 434 479 512 499 452 504 605 648 581 550 520 547 622 533 474 584 689 574 604 609 559 598 537 553 537 603 642 583 574 698 582 582 582 753 753 496 398 448 426 467 416 471 624
973 971 976 972 974 958 908 865 824 852 871 913 935 956 971 962 945 805 743 712 808 935 958 949 958 930 854 712 604 485 480 507 565 570 585 614 514 504 447 419 407 391 307 318 359 435 448 458 459 473 492 549 587 555 571 599 648 611 507 536 649 684 604 618 567 534 565 572 550 524 477 614 616 574 578 561 561 650 902 902 558 454 429 403 429 394 495 451
973 972 976 977 977 978 978 935 939 960 952 949 974 979 976 947 943 951 893 783 862 950 951 941 916 916 853 747 616 554 494 523 566 605 628 591 533 521 490 431 422 418 373 286 317 342 392 467 493 557 586 595 574 615 650 602 590 580 602 567 567 585 573 494 476 501 582 635 649 641 571 583 627 558 588 522 538 650 885 886 694 520 405 566 479 497 566 602
976 976 976 976 977 978 978 978 976 948 922 952 954 914 914 843 803 899 933 808 839 938 953 968 955 895 918 865 753 691 661 597 583 622 689 550 510 473 490 477 451 441 440 405 385 365 351 426 488 545 593 713 714 779 824 736 656 567 543 552 581 591 611 515 496 553 539 638 788 849 824 821 788 740 664 618 687 747 946 1005 1006 769 491 499 459 646 506 658
973 975 976 977 977 977 978 978 975 973 964 973 965 954 954 926 911 853 922 953 921 961 960 958 945 933 933 901 835 729 640 673 829 844 776 708 553 496 459 484 467 469 469 468 452 381 333 335 426 466 580 598 714 801 758 611 529 522 527 646 774 755 782 700 623 646 658 616 677 786 751 753 726 717 665 656 736 855 991 1004 996 940 820 510 472 629 617 723
975 976 977 976 976 977 977 978 979 979 959 963 974 975 967 957 968 957 899 925 958 949 944 955 973 962 978 953 851 822 773 759 914 928 910 843 695 558 468 425 434 435 486 497 477 405 410 413 450 461 498 489 597 594 612 617 716 572 548 625 754 717 761 815 718 746 768 766 786 764 790 821 746 694 745 745 791 838 935 995 976 902 989 723 648 596 612 719
968 975 976 976 977 977 977 978 978 979 976 979 978 964 968 969 960 942 933 950 938 951 942 954 955 951 914 968 931 895 907 850 855 915 916 851 783 649 549 483 444 439 449 462 498 433 430 412 392 417 433 458 458 500 488 500 589 706 772 791 689 706 818 770 859 785 859 802 791 812 861 834 767 698 753 793 847 831 913 990 991 964 975 663 879 507 603 632
915 848 857 956 977 977 969 976 976 978 980 979 965 968 968 973 962 964 958 945 945 937 948 957 954 952 961 914 965 951 961 935 831 834 800 757 780 787 694 594 546 482 465 453 550 510 476 459 410 423 449 415 410 429 462 481 520 640 596 568 654 700 679 848 848 793 850 944 919 925 903 822 767 816 858 919 954 980 990 969 904 937 921 805 772 889 996 1011
919 928 916 788 825 947 966 968 968 949 953 974 965 965 968 976 977 978 978 971 965 968 951 929 916 933 928 953 878 959 904 908 870 730 759 744 844 807 835 626 656 491 460 427 488 547 511 496 486 494 490 481 432 477 510 628 636 502 462 449 513 584 741 745 863 901 946 953 947 927 823 846 880 887 910 948 979 997 1005 1006 937 908 949 941 868 719 663 972
949 919 942 925 954 964 972 972 965 967 970 965 941 979 975 974 977 975 980 977 980 980 981 972 953 932 861 795 753 920 927 856 862 795 845 840 792 908 926 822 747 616 499 432 418 513 520 477 511 529 570 604 599 560 672 795 739 607 557 543 507 499 728 838 913 883 910 896 862 779 846 912 934 933 962 971 992 1005 1005 1006 1004 1002 1007 1008 951 890 718 676
975 974 961 966 956 961 973 976 977 961 979 977 971 964 979 980 981 974 969 925 953 981 979 981 977 957 899 859 807 866 948 953 890 779 804 851 805 951 867 904 895 765 574 484 449 446 500 498 499 629 582 542 558 633 738 811 803 702 683 625 616 599 706 751 744 777 789 686 641 740 838 877 937 942 979 984 996 967 945 920 945 977 1008 1000 1001 987 794 548
966 975 974 976 976 977 977 978 976 977 968 972 972 976 981 981 981 980 956 965 952 955 978 982 975 983 976 966 934 903 929 936 931 875 762 733 827 874 952 777 650 719 770 535 420 438 494 466 461 585 699 595 634 768 875 887 947 885 763 690 631 654 638 580 594 558 559 557 613 671 734 848 942 985 980 946 970 953 960 971 938 753 746 938 1001 993 881 662
934 943 975 976 976 977 977 978 977 978 979 971 965 981 981 981 981 974 974 941 970 959 948 976 982 983 984 984 961 952 955 947 964 907 895 788 742 783 729 702 663 601 595 553 422 368 423 396 413 537 782 811 944 958 963 964 938 866 896 876 781 710 653 560 617 645 601 548 596 720 785 932 968 985 977 966 942 952 966 937 933 880 724 613 689 797 832 754
946 913 933 958 976 977 978 978 979 975 975 974 979 974 981 981 981 981 982 982 962 963 958 978 983 983 984 978 972 962 958 952 936 835 693 666 612 601 566 535 580 534 567 510 458 444 393 376 423 427 494 533 544 653 882 800 851 902 962 884 854 821 777 662 693 814 840 855 895 923 920 937 962 991 1004 1005 1006 1005 1007 996 952 904 862 831 727 647 668 676
969 962 942 904 922 973 978 978 978 978 979 980 981 975 981 982 982 982 982 982 982 963 967 965 981 984 985 985 985 986 986 983 985 876 804 762 754 688 584 488 498 494 536 530 596 589 480 416 413 413 404 393 446 479 516 564 719 784 857 899 937 948 815 817 847 894 907 827 914 935 953 979 1002 1004 1004 1004 1005 1006 1005 1007 1007 1000 969 928 928 899 774 739
975 975 976 967 945 907 943 978 979 978 979 980 980 981 982 982 983 983 973 983 983 981 968 978 965 984 985 978 982 987 973 965 912 853 833 928 882 829 675 530 519 509 506 504 583 521 526 481 467 472 462 380 353 398 416 490 622 697 799 864 802 895 877 909 936 958 947 929 872 837 845 911 995 1004 1005 1005 1006 1006 1008 1000 1000 1007 1008 1009 1010 1004 994 1002
969 975 976 977 977 978 960 937 947 970 975 979 980 981 982 981 979 980 980 984 984 984 984 983 983 985 983 980 981 974 958 961 955 942 888 757 808 790 643 638 571 508 544 537 542 541 490 525 531 485 470 450 433 475 467 454 691 833 835 818 837 896 892 943 980 983 995 980 961 966 980 1002 1003 1004 1005 1006 1006 1007 1008 1008 1008 1006 1008 1000 1009 1009 1010 1007
976 976 976 977 978 974 963 958 968 962 957 969 981 981 979 980 963 975 982 983 984 984 984 984 985 985 986 976 974 987 985 977 987 988 948 851 850 850 900 857 652 557 518 523 599 599 556 524 511 461 512 478 487 557 632 581 651 776 890 937 906 936 940 983 996 960 945 960 946 990 998 1002 1003 1004 1005 1005 1006 1007 1008 1008 1008 1008 1009 1005 1002 995 1007 1010
976 976 977 977 978 970 965 979 978 976 979 966 976 981 977 971 961 964 980 983 984 983 982 984 969 959 950 972 985 986 987 987 987 968 957 970 811 881 821 810 699 612 513 488 513 572 620 586 561 524 502 533 566 641 558 507 796 771 874 952 941 957 1001 985 912 981 985 964 901 927 983 1003 1003 1004 1005 1005 1006 1007 1008 1009 1008 1008 1009 1010 1004 997 979 963
977 977 978 978 978 972 975 980 980 980 951 939 972 973 980 983 983 983 980 965 963 972 975 952 950 895 953 981 983 951 973 988 885 910 913 959 956 934 956 896 787 703 598 522 486 500 547 519 538 607 501 629 718 752 683 744 905 921 948 972 997 952 874 814 921 972 990 963 958 985 1002 1003 979 994 1005 1006 1006 1008 1008 1006 998 1004 1009 1010 1002 986 944 832
978 978 979 979 978 979 975 980 981 981 977 902 953 975 983 983 984 984 984 967 936 971 956 966 945 946 926 967 978 966 959 873 859 871 927 926 920 935 906 725 678 677 727 618 549 510 590 592 569 578 672 734 825 707 777 905 908 975 1001 992 986 990 994 945 977 991 959 988 1002 996 989 994 996 990 990 995 1007 1007 1007 1002 982 917 886 884 857 801 769 732
979 979 980 980 981 977 978 982 982 982 982 907 939 984 985 985 985 985 985 986 887 891 937 934 937 924 928 971 986 974 947 924 802 909 990 972 952 900 901 900 882 828 851 844 766 698 702 750 782 656 733 748 745 675 729 807 943 890 893 1002 1003 1003 1003 1003 954 984 984 976 973 995 1003 1004 1005 1005 1006 1006 1007 1007 978 1000 979 955 946 904 848 667 578 546
981 981 981 981 982 983 983 983 979 975 982 944 937 983 986 986 987 987 978 937 906 862 922 904 952 942 912 927 949 962 973 971 874 837 963 973 954 933 934 938 951 960 947 859 835 814 772 821 794 682 636 727 905 918 837 828 907 905 970 1002 1003 1003 976 933 949 993 1000 1003 1002 995 1004 949 928 964 977 1006 1004 961 990 1008 961 932 973 893 835 638 533 482
982 983 983 984 984 984 968 977 979 977 984 985 972 970 973 964 977 988 986 953 869 767 886 862 853 850 786 925 886 907 939 903 864 892 984 990 990 991 987 942 916 938 958 931 858 851 809 747 739 833 783 687 723 870 833 988 908 960 960 981 1003 993 971 955 893 907 958 973 967 1000 952 821 920 922 909 957 957 971 982 834 830 901 819 690 622 531 534 549
981 983 981 981 986 986 980 983 982 986 980 982 988 985 990 969 964 970 955 964 856 766 830 877 839 680 813 863 885 949 917 920 878 942 905 795 909 961 973 964 973 980 926 917 938 912 904 951 957 900 828 795 796 923 963 953 953 1001 1002 1002 952 974 890 876 839 850 965 899 926 881 664 712 849 888 828 892 978 967 888 836 831 776 727 789 705 607 562 661
985 976 978 985 988 984 989 989 988 985 988 989 989 990 986 980 987 986 971 964 748 675 663 804 834 695 835 867 857 808 805 810 865 754 801 826 719 756 804 917 904 942 993 940 958 989 966 961 933 968 886 910 876 883 881 903 848 818 928 863 929 953 812 730 783 834 987 995 945 804 729 707 775 765 863 973 942 807 842 743 784 819 813 741 717 574 567 682
961 965 974 980 983 945 945 987 988 978 977 982 969 982 988 991 991 991 985 946 915 558 517 566 522 489 625 683 824 848 793 740 810 780 797 907 844 890 882 864 894 932 976 948 952 898 990 913 890 869 822 823 891 780 654 607 701 808 769 787 804 831 689 679 737 884 924 983 944 822 760 694 673 762 750 757 766 623 665 569 590 576 589 611 591 544 574 616
936 963 948 958 867 859 978 911 939 890 976 963 949 966 985 980 990 990 987 952 904 663 540 426 440 446 434 476 499 683 752 650 735 941 950 910 868 855 906 922 945 925 847 924 909 832 771 703 760 764 643 625 735 696 548 492 559 713 882 904 890 739 623 606 648 700 840 755 855 772 694 621 605 682 626 566 582 579 537 489 493 488 499 500 495 534 527 536
945 979 973 907 751 923 918 824 694 678 610 942 950 920 956 832 888 935 979 981 951 802 778 602 717 616 525 532 600 789 801 819 773 821 949 941 964 976 948 972 971 963 910 913 910 898 839 824 810 696 619 721 767 655 584 566 582 672 810 873 939 864 751 780 583 550 529 512 777 762 574 554 624 670 592 612 630 614 572 510 487 472 436 426 454 477 501 518
907 892 955 875 894 945 902 715 610 550 582 796 910 885 824 662 826 814 791 971 988 814 857 930 935 873 735 730 797 939 935 959 972 945 961 958 899 873 993 998 988 952 959 958 961 956 936 939 896 679 534 547 585 631 677 710 831 884 892 925 963 981 972 957 935 867 667 575 658 758 791 783 796 824 858 880 827 732 770 772 584 493 478 454 433 478 516 557
546 781 923 944 966 953 903 659 494 732 902 822 938 779 629 609 735 662 541 695 822 949 922 966 989 957 912 950 932 917 993 985 978 976 971 983 972 937 886 865 972 999 968 964 927 923 879 860 777 696 620 606 500 435 472 558 586 712 781 859 922 979 986 989 977 971 863 846 802 790 730 754 843 845 886 844 813 913 875 706 625 538 525 541 558 591 582 557
499 692 743 868 946 736 654 460 470 745 915 946 768 553 500 687 777 723 550 589 677 872 951 965 929 977 886 923 968 770 790 994 997 993 976 973 979 977 988 929 881 923 1000 961 937 900 910 814 720 651 633 580 464 466 510 625 489 456 493 659 844 825 945 989 999 990 937 896 743 480 631 590 651 854 806 774 948 942 822 707 695 546 551 516 539 547 499 486
393 476 598 786 783 552 610 469 562 646 704 861 787 703 830 834 787 691 586 803 856 822 884 984 883 754 874 956 942 836 726 843 905 995 997 995 989 988 989 977 965 825 735 906 960 894 878 804 756 783 730 626 573 525 616 682 708 549 554 549 744 795 926 995 989 992 973 946 806 518 491 685 808 838 782 865 802 810 725 634 629 481 491 444 420 443 427 410
316 313 438 529 605 390 502 523 694 628 503 473 472 658 946 913 864 912 822 690 868 834 889 951 963 888 901 942 960 919 919 844 625 857 997 999 1002 1002 1003 995 966 967 923 787 877 968 973 945 918 847 813 714 646 737 812 832 743 519 495 620 549 665 789 937 983 991 988 968 961 919 540 642 564 637 704 732 686 637 613 511 490 404 438 468 407 450 413 373
311 268 372 430 462 368 447 517 650 813 466 378 408 468 787 969 949 982 955 811 748 923 874 830 957 951 565 857 930 960 806 786 603 750 836 989 993 995 1002 1003 992 977 972 966 935 889 842 854 934 988 962 934 882 843 683 595 596 528 559 499 490 529 697 814 948 972 967 972 978 993 809 607 505 577 585 547 570 567 520 492 444 436 379 384 359 303 421 418
275 253 315 352 297 349 482 535 503 593 495 346 269 404 528 856 945 992 953 876 923 821 771 718 945 900 815 825 836 979 765 807 641 592 652 733 968 998 992 996 995 986 988 993 994 979 967 964 897 908 933 900 798 828 895 652 472 526 554 419 381 524 507 496 555 763 993 978 982 928 898 706 589 630 623 514 474 499 502 451 371 361 359 293 299 288 394 395
271 310 355 293 289 361 321 402 469 496 473 339 345 445 564 839 727 939 766 582 574 800 569 713 706 819 844 924 523 601 733 838 847 728 734 651 941 870 995 950 747 968 992 997 1003 1004 996 989 969 962 906 752 671 622 798 690 470 430 506 481 366 504 572 439 491 523 656 652 742 696 626 524 493 465 479 435 397 407 452 444 402 369 394 329 372 348 320 353
364 321 451 372 413 423 369 402 432 448 370 320 524 627 594 907 819 902 795 543 702 675 503 867 599 704 538 617 499 505 546 785 871 922 964 962 948 880 854 688 741 697 758 994 1005 995 993 973 988 906 833 657 584 618 720 585 533 515 647 514 405 527 631 514 510 559 531 516 567 486 467 432 461 514 462 372 370 350 433 462 481 449 445 416 473 492 401 380
