Input/HOURLY_GHI/2015/solar_ghi_20150101_04UT.txt
NCOLS 839
NROWS 679
XLLCORNER 112.025005
YLLCORNER -43.9750009
CELLSIZE 0.0499954
NODATA_VALUE -999
[rows 240 to 279 of 679, columns 0 to 89 of 839]
-999 -999 -999 -999 -999 -999 -999 -999 -999 -999 -999 -999 -999 -999 -999 -999 -999 -999 -999 -999 -999 -999 -999 1062 1068 1068 1065 1065 1065 1065 1065 1065 1065 1065 1065 1065 1065 1065 1065 1061 1061 1057 1057 1057 1057 1057 1050 1050 1050 1050 1069 1069 1068 1061 1064 1069 1066 1069 1067 1065 1067 1067 1068 1069 1069 1068 1071 1067 1070 1067 1069 1070 1070 1068 1069 1066 1068 1068 1069 1067 1071 1070 1070 1070 1070 1071 1071 1071 1070 1068
-999 -999 -999 -999 -999 -999 -999 -999 -999 -999 -999 -999 -999 -999 -999 -999 -999 -999 -999 -999 -999 -999 -999 1062 1068 1068 1065 1065 1065 1065 1065 1065 1065 1065 1065 1065 1065 1065 1064 1063 1063 1063 1063 1057 1057 1057 1067 1067 1050 1050 1050 1059 1064 1063 1066 1064 1067 1067 1071 1067 1068 1065 1069 1069 1068 1065 1067 1067 1069 1067 1069 1069 1068 1070 1068 1069 1070 1072 1068 1072 1072 1071 1070 1068 1068 1069 1069 1068 1070 1069
-999 -999 -999 -999 -999 -999 -999 -999 -999 -999 -999 -999 -999 -999 -999 -999 -999 -999 -999 -999 -999 -999 -999 1062 1068 1068 1068 1065 1065 1065 1065 1065 1065 1065 1065 1065 1065 1065 1065 1064 1062 1062 1062 1062 1062 1067 1067 1067 1067 1059 1059 1063 1063 1066 1063 1064 1067 1066 1066 1070 1069 1068 1065 1070 1072 1071 1067 1068 1071 1069 1067 1069 1072 1072 1063 1063 1066 1068 1067 1067 1070 1070 1069 1070 1067 1070 1071 1071 1069 1069
-999 -999 -999 -999 -999 -999 -999 -999 -999 -999 -999 -999 -999 -999 -999 -999 -999 -999 -999 -999 -999 -999 -999 1062 1068 1068 1068 1068 1068 1065 1065 1065 1065 1065 1065 1065 1063 1063 1069 1067 1064 1064 1064 1064 1064 1055 1055 1067 1067 1067 1062 1065 1063 1069 1067 1069 1070 1070 1069 1071 1070 1069 1067 1070 1070 1073 1071 1068 1069 1068 1066 1072 1072 1068 1072 1072 1070 1069 1070 1071 1070 1066 1067 1065 1070 1071 1071 1070 1069 1068
-999 -999 -999 -999 -999 -999 -999 -999 -999 -999 -999 -999 -999 -999 -999 -999 -999 -999 -999 -999 -999 -999 -999 1062 1068 1068 1068 1068 1068 1068 1068 1065 1065 1065 1065 1065 1065 1068 1066 1069 1066 1066 1066 1065 1065 1055 1055 1055 1067 1067 1072 1060 1066 1069 1067 1067 1070 1071 1069 1070 1070 1071 1071 1067 1069 1066 1069 1069 1072 1069 1071 1069 1065 1068 1068 1067 1067 1068 1071 1064 1065 1063 1065 1065 1067 1070 1067 1066 1071 1070
-999 -999 -999 -999 -999 -999 -999 -999 -999 -999 -999 -999 -999 -999 -999 -999 -999 -999 -999 -999 -999 -999 -999 1062 1062 1062 1068 1068 1068 1068 1068 1068 1068 1068 1051 1051 1051 1070 1067 1067 1064 1064 1065 1065 1065 1065 1055 1055 1055 1059 1069 1069 1067 1070 1068 1064 1068 1069 1067 1066 1070 1071 1072 1074 1071 1067 1067 1071 1070 1070 1069 1069 1070 1068 1068 1067 1069 1070 1066 1066 1061 1065 1067 1065 1068 1071 1069 1071 1070 1070
-999 -999 -999 -999 -999 -999 -999 -999 -999 -999 -999 -999 -999 -999 -999 -999 -999 -999 -999 -999 -999 -999 -999 1062 1062 1062 1062 1062 1068 1068 1068 1068 1068 1068 1068 1067 1067 1071 1064 1065 1067 1065 1065 1065 1065 1065 1065 1068 1068 1055 1066 1068 1065 1064 1068 1072 1068 1067 1068 1066 1069 1068 1073 1075 1074 1071 1066 1070 1071 1073 1071 1070 1069 1068 1067 1066 1072 1070 1071 1069 1067 1067 1066 1066 1068 1066 1067 1071 1070 1070
-999 -999 -999 -999 -999 -999 -999 -999 -999 -999 -999 -999 -999 -999 -999 -999 -999 -999 -999 -999 -999 -999 -999 1062 1062 1062 1062 1062 1062 1062 1068 1068 1068 1068 1068 1068 1072 1072 1064 1065 1061 1068 1068 1068 1066 1065 1065 1065 1061 1063 1062 1068 1069 1069 1069 1068 1071 1071 1072 1071 1072 1070 1072 1075 1073 1072 1074 1074 1069 1073 1070 1071 1068 1071 1070 1070 1069 1067 1069 1066 1071 1071 1071 1068 1069 1068 1069 1070 1069 1070
-999 -999 -999 -999 -999 -999 -999 -999 -999 -999 -999 -999 -999 -999 -999 -999 -999 -999 -999 -999 -999 -999 -999 1062 1062 1062 1062 1062 1062 1062 1062 1062 1068 1068 1068 1071 1070 1068 1070 1069 1069 1068 1068 1066 1066 1066 1058 1058 1055 1063 1067 1068 1067 1068 1071 1068 1068 1075 1073 1075 1072 1070 1069 1075 1073 1073 1070 1066 1075 1074 1074 1072 1073 1070 1069 1068 1072 1070 1069 1070 1069 1072 1072 1068 1069 1068 1068 1070 1069 1070
-999 -999 -999 -999 -999 -999 -999 -999 -999 -999 -999 -999 -999 -999 -999 -999 -999 -999 -999 -999 -999 -999 -999 1062 1062 1062 1062 1062 1062 1062 1062 1062 1062 1069 1069 1061 1063 1071 1072 1072 1071 1071 1067 1066 1066 1066 1054 1054 1064 1069 1070 1070 1071 1073 1068 1072 1071 1072 1077 1075 1071 1069 1066 1066 1071 1073 1072 1072 1071 1074 1074 1072 1072 1071 1069 1069 1072 1071 1068 1069 1070 1072 1067 1070 1072 1072 1071 1068 1070 1070
-999 -999 -999 -999 -999 -999 -999 -999 -999 -999 -999 -999 -999 -999 -999 -999 -999 -999 -999 -999 -999 -999 -999 1062 1062 1062 1062 1062 1062 1062 1062 1062 1062 1062 1070 1072 1072 1073 1073 1074 1065 1066 1067 1068 1070 1070 1062 1049 1063 1065 1073 1069 1073 1065 1067 1072 1066 1071 1070 1071 1069 1072 1075 1072 1072 1071 1069 1069 1066 1071 1072 1074 1074 1071 1069 1072 1071 1070 1071 1072 1074 1072 1071 1067 1070 1069 1071 1070 1070 1069
-999 -999 -999 -999 -999 -999 -999 -999 -999 -999 -999 -999 -999 -999 -999 -999 -999 -999 -999 -999 -999 -999 -999 1061 1061 1061 1061 1061 1061 1061 1061 1061 1061 1061 1068 1068 1072 1074 1073 1070 1070 1071 1073 1070 1069 1073 1064 1069 1070 1069 1070 1067 1068 1074 1074 1070 1070 1070 1071 1073 1076 1075 1077 1074 1075 1071 1071 1069 1074 1071 1074 1070 1075 1072 1072 1074 1070 1067 1067 1071 1076 1074 1074 1073 1071 1073 1071 1073 1071 1069
-999 -999 -999 -999 -999 -999 -999 -999 -999 -999 -999 -999 -999 -999 -999 -999 -999 -999 -999 -999 -999 -999 -999 1064 1064 1064 1064 1064 1064 1064 1064 1064 1064 1064 1068 1073 1069 1073 1074 1069 1065 1066 1069 1069 1072 1069 1066 1069 1067 1071 1072 1073 1070 1073 1068 1073 1074 1068 1068 1074 1075 1072 1072 1072 1070 1075 1072 1074 1075 1066 1067 1068 1070 1075 1071 1066 1067 1071 1069 1070 1073 1073 1072 1072 1070 1067 1067 1072 1070 1071
-999 -999 -999 -999 -999 -999 -999 -999 -999 -999 -999 -999 -999 -999 -999 -999 -999 -999 -999 -999 -999 -999 -999 1058 1058 1058 1058 1058 1058 1058 1058 1058 1058 1058 1062 1054 1073 1065 1076 1069 1072 1071 1069 1073 1070 1065 1071 1064 1074 1071 1068 1069 1071 1070 1073 1072 1072 1073 1071 1078 1077 1076 1069 1068 1071 1069 1073 1069 1076 1075 1074 1074 1072 1072 1068 1070 1071 1071 1072 1070 1065 1070 1075 1073 1073 1070 1070 1068 1072 1072
-999 -999 -999 -999 -999 -999 -999 -999 -999 -999 -999 -999 -999 -999 -999 -999 -999 -999 -999 -999 -999 -999 -999 1058 1058 1058 1058 1058 1058 1058 1058 1058 1058 1058 1067 1069 1056 1064 1029 1055 1073 1065 1073 1075 1078 1069 1073 1070 1075 1072 1070 1069 1069 1069 1071 1073 1074 1073 1072 1071 1074 1075 1077 1077 1071 1069 1069 1073 1067 1070 1075 1073 1070 1069 1073 1070 1072 1070 1070 1071 1070 1070 1064 1067 1075 1074 1073 1071 1068 1069
-999 -999 -999 -999 -999 -999 -999 -999 -999 -999 -999 -999 -999 -999 -999 -999 -999 -999 -999 -999 -999 -999 -999 1058 1058 1058 1058 1058 1058 1058 1058 1058 1058 1067 1067 1066 1061 1070 1071 1072 1071 1073 1074 1069 1064 1073 1074 1070 1072 1069 1069 1068 1068 1070 1070 1076 1076 1073 1073 1072 1074 1077 1077 1077 1075 1074 1070 1073 1069 1073 1076 1075 1074 1075 1076 1075 1071 1074 1075 1075 1073 1071 1073 1074 1069 1075 1074 1074 1070 1073
-999 -999 -999 -999 -999 -999 -999 -999 -999 -999 -999 -999 -999 -999 -999 -999 -999 -999 -999 -999 -999 -999 -999 1058 1058 1058 1058 1058 1058 1058 1058 1058 1067 1067 1067 1067 1069 1070 1070 1071 1072 1069 1074 1077 1071 1074 1067 1072 1074 1068 1070 1069 1071 1073 1069 1069 1069 1071 1072 1073 1078 1075 1078 1077 1076 1073 1075 1071 1076 1075 1076 1075 1075 1075 1076 1074 1072 1069 1070 1073 1071 1073 1072 1068 1074 1075 1076 1070 1074 1071
-999 -999 -999 -999 -999 -999 -999 -999 -999 -999 -999 -999 -999 -999 -999 -999 -999 -999 -999 -999 -999 -999 -999 1058 1058 1058 1058 1058 1058 1058 1058 1067 1067 1067 1067 1067 1057 1070 1072 1072 1073 1074 1076 1069 1077 1067 1069 1074 1069 1074 1073 1075 1074 1074 1073 1074 1076 1076 1075 1073 1075 1074 1074 1073 1074 1071 1076 1075 1078 1077 1076 1076 1074 1073 1073 1070 1070 1074 1067 1067 1070 1074 1074 1073 1074 1075 1073 1074 1071 1074
-999 -999 -999 -999 -999 -999 -999 -999 -999 -999 -999 -999 -999 -999 -999 -999 -999 -999 -999 -999 -999 -999 -999 1058 1058 1058 1058 1058 1058 1067 1067 1067 1067 1067 1067 1067 1067 1071 1068 1071 1074 1074 1078 1072 1076 1060 1068 1071 1073 1074 1073 1073 1073 1074 1075 1075 1073 1073 1075 1076 1074 1079 1077 1075 1079 1078 1075 1077 1078 1078 1077 1077 1074 1076 1074 1072 1071 1073 1072 1069 1071 1071 1073 1073 1072 1074 1077 1074 1069 1068
-999 -999 -999 -999 -999 -999 -999 -999 -999 -999 -999 -999 -999 -999 -999 -999 -999 -999 -999 -999 -999 -999 -999 1058 1058 1058 1058 1058 1067 1067 1067 1067 1064 1064 1064 1064 1064 1058 1072 1072 1074 1070 1055 1074 1065 1071 1071 1072 1073 1074 1074 1075 1075 1076 1075 1072 1073 1074 1074 1076 1075 1075 1078 1074 1071 1076 1079 1078 1077 1074 1075 1074 1073 1072 1074 1074 1077 1075 1072 1072 1072 1074 1073 1070 1069 1067 1068 1074 1075 1075
-999 -999 -999 -999 -999 -999 -999 -999 -999 -999 -999 -999 -999 -999 -999 -999 -999 -999 -999 -999 -999 -999 -999 1058 1058 1056 1056 1056 1056 1056 1056 1056 1056 1056 1068 1068 1068 1072 1071 1070 1072 1074 1075 1071 1075 1073 1074 1075 1075 1075 1075 1076 1075 1076 1065 1075 1074 1071 1073 1074 1075 1075 1073 1077 1077 1079 1080 1075 1072 1077 1075 1078 1076 1074 1073 1073 1075 1070 1072 1071 1071 1075 1070 1075 1068 1070 1070 1074 1073 1065
-999 -999 -999 -999 -999 -999 -999 -999 -999 -999 -999 -999 -999 -999 -999 -999 -999 -999 -999 -999 -999 -999 -999 1058 1058 1056 1056 1056 1056 1056 1056 1056 1056 1056 1056 1072 1072 1070 1070 1072 1074 1074 1077 1077 1071 1072 1071 1077 1070 1065 1075 1077 1077 1074 1075 1074 1075 1075 1075 1073 1074 1075 1072 1073 1075 1077 1078 1080 1077 1073 1073 1074 1079 1077 1071 1075 1071 1073 1071 1071 1074 1071 1071 1068 1073 1071 1066 1074 1069 1074
-999 -999 -999 -999 -999 -999 -999 -999 -999 -999 -999 -999 -999 -999 -999 -999 -999 -999 -999 -999 -999 -999 1065 1058 1058 1056 1056 1056 1056 1056 1056 1056 1056 1056 1056 1056 1068 1064 1070 1070 1073 1072 1074 1074 1074 1074 1072 1069 1072 1073 1065 1059 1065 1066 1072 1076 1076 1074 1074 1079 1080 1076 1073 1074 1073 1073 1075 1081 1080 1080 1073 1079 1073 1075 1073 1074 1074 1073 1071 1072 1071 1070 1071 1072 1069 1070 1073 1071 1076 1074
-999 -999 -999 -999 -999 -999 -999 -999 -999 -999 -999 -999 -999 -999 -999 -999 -999 -999 -999 -999 -999 1062 1065 1065 1065 1058 1058 1058 1058 1058 1058 1058 1058 1058 1058 1058 1064 1071 1070 1072 1073 1067 1079 1066 1076 1075 1071 1063 1073 1073 1073 1074 1074 1072 1075 1075 1070 1070 1074 1068 1072 1071 1073 1074 1075 1078 1079 1081 1078 1072 1077 1074 1078 1073 1078 1075 1077 1072 1073 1073 1073 1073 1074 1071 1074 1072 1069 1074 1069 1062
-999 -999 -999 -999 -999 -999 -999 -999 -999 -999 -999 -999 -999 -999 -999 -999 -999 -999 -999 -999 -999 1062 1062 1065 1065 1067 1067 1067 1067 1067 1067 1067 1067 1067 1067 1067 1062 1071 1071 1072 1073 1072 1064 1066 1067 1077 1067 1065 1073 1073 1075 1075 1075 1075 1075 1076 1071 1075 1075 1074 1072 1075 1073 1072 1072 1077 1074 1073 1076 1074 1076 1079 1070 1070 1080 1079 1073 1074 1074 1072 1071 1071 1070 1072 1074 1074 1072 1068 1068 1073
-999 -999 -999 -999 -999 -999 -999 -999 -999 -999 -999 -999 -999 -999 -999 -999 -999 -999 -999 -999 1055 1062 1062 1062 1065 1065 1067 1067 1067 1067 1067 1067 1067 1067 1067 1067 1062 1073 1073 1073 1073 1071 1068 1074 1070 1064 1067 1072 1073 1073 1075 1075 1074 1075 1076 1076 1077 1077 1074 1068 1072 1071 1072 1073 1071 1079 1077 1075 1074 1075 1076 1075 1077 1074 1071 1068 1073 1074 1074 1076 1072 1072 1072 1074 1068 1069 1073 1072 1072 1068
-999 -999 -999 -999 -999 -999 -999 -999 -999 -999 -999 -999 -999 -999 -999 -999 -999 -999 -999 -999 1055 1062 1062 1062 1062 1065 1065 1065 1064 1064 1064 1064 1064 1064 1064 1064 1055 1070 1071 1073 1074 1076 1075 1074 1070 1068 1071 1072 1065 1073 1065 1069 1074 1074 1073 1075 1074 1076 1078 1076 1071 1068 1070 1073 1073 1067 1071 1074 1080 1080 1077 1075 1073 1072 1068 1074 1075 1077 1070 1069 1071 1075 1074 1073 1073 1074 1072 1072 1072 1074
-999 -999 -999 -999 -999 -999 -999 -999 -999 -999 -999 -999 -999 -999 -999 -999 -999 -999 -999 1065 1055 1062 1062 1062 1062 1062 1065 1065 1065 1065 1065 1065 1065 1065 1065 1065 1062 1073 1074 1074 1074 1076 1064 1071 1073 1072 1072 1072 1073 1073 1070 1074 1075 1075 1075 1073 1069 1071 1071 1067 1072 1074 1070 1072 1071 1073 1072 1074 1076 1077 1074 1073 1072 1070 1072 1074 1072 1069 1074 1076 1075 1072 1077 1076 1077 1074 1073 1070 1069 1070
-999 -999 -999 -999 -999 -999 -999 -999 -999 -999 -999 -999 -999 -999 -999 -999 -999 -999 -999 1065 1055 1062 1062 1062 1062 1062 1062 1065 1065 1065 1065 1061 1061 1061 1061 1061 1066 1067 1075 1077 1071 1068 1053 1073 1074 1073 1073 1072 1070 1069 1068 1070 1074 1071 1071 1074 1076 1074 1075 1072 1074 1071 1073 1072 1071 1074 1076 1074 1069 1074 1073 1073 1071 1072 1074 1072 1075 1079 1072 1074 1075 1074 1073 1078 1074 1074 1077 1075 1075 1075
-999 -999 -999 -999 -999 -999 -999 -999 -999 -999 -999 -999 -999 -999 -999 -999 -999 -999 -999 1065 1055 1062 1062 1062 1062 1062 1062 1062 1065 1065 1065 1065 1061 1061 1058 1058 1067 1067 1065 1062 1072 1064 1073 1073 1070 1073 1073 1073 1072 1071 1069 1068 1069 1070 1069 1072 1074 1072 1072 1070 1071 1071 1073 1076 1076 1077 1076 1074 1076 1071 1073 1072 1077 1079 1077 1082 1078 1080 1078 1073 1073 1078 1075 1075 1074 1072 1072 1076 1075 1071
-999 -999 -999 -999 -999 -999 -999 -999 -999 -999 -999 -999 -999 -999 -999 -999 -999 -999 1058 1065 1055 1055 1055 1062 1062 1062 1062 1062 1062 1065 1065 1065 1065 1061 1061 1066 1068 1064 1067 1067 1074 1067 1069 1072 1072 1071 1073 1073 1072 1073 1074 1073 1072 1070 1070 1067 1069 1073 1075 1076 1076 1076 1078 1074 1079 1079 1074 1075 1076 1077 1072 1067 1070 1076 1079 1065 1076 1069 1071 1075 1076 1075 1077 1075 1076 1076 1074 1068 1068 1072
-999 -999 -999 -999 -999 -999 -999 -999 -999 -999 -999 -999 -999 -999 -999 -999 -999 -999 1058 1065 1055 1055 1055 1055 1055 1062 1062 1062 1062 1062 1065 1065 1065 1065 1065 1067 1070 1071 1071 1073 1066 1072 1072 1072 1072 1073 1073 1073 1073 1069 1072 1070 1071 1072 1069 1070 1069 1066 1069 1070 1069 1076 1073 1073 1077 1074 1071 1076 1076 1078 1078 1073 1074 1074 1078 1070 1072 1083 1081 1077 1078 1076 1075 1078 1075 1074 1076 1075 1076 1074
-999 -999 -999 -999 -999 -999 -999 -999 -999 -999 -999 -999 -999 -999 -999 -999 -999 -999 1058 1065 1065 1065 1055 1055 1055 1055 1055 1062 1062 1062 1062 1065 1065 1071 1069 1068 1070 1073 1074 1070 1073 1073 1073 1072 1073 1073 1071 1073 1073 1073 1073 1075 1074 1075 1072 1076 1068 1069 1067 1068 1070 1068 1079 1079 1080 1080 1080 1079 1080 1081 1077 1078 1075 1072 1078 1073 1072 1072 1083 1080 1077 1078 1079 1075 1077 1075 1072 1073 1076 1075
-999 -999 -999 -999 -999 -999 -999 -999 -999 -999 -999 -999 -999 -999 -999 -999 -999 -999 1058 1065 1065 1065 1065 1065 1055 1055 1055 1055 1055 1062 1062 1062 1068 1071 1069 1069 1072 1072 1073 1072 1072 1073 1073 1072 1072 1073 1073 1073 1073 1074 1072 1067 1059 1074 1061 1068 1071 1074 1073 1074 1075 1070 1070 1074 1073 1074 1073 1078 1073 1072 1076 1079 1079 1078 1077 1079 1080 1078 1081 1072 1072 1079 1070 1070 1073 1074 1074 1076 1075 1073
-999 -999 -999 -999 -999 -999 -999 -999 -999 -999 -999 -999 -999 -999 -999 -999 -999 1063 1058 1065 1065 1065 1065 1065 1065 1065 1055 1055 1055 1055 1064 1064 1070 1070 1069 1072 1067 1069 1059 1072 1073 1070 1072 1073 1072 1073 1069 1072 1073 1070 1073 1072 1073 1069 1072 1067 1074 1075 1077 1071 1069 1070 1070 1077 1077 1077 1070 1073 1073 1070 1080 1081 1081 1080 1079 1073 1082 1082 1077 1077 1076 1064 1075 1078 1079 1077 1075 1075 1074 1076
-999 -999 -999 -999 -999 -999 -999 -999 -999 -999 -999 -999 -999 -999 -999 -999 -999 1063 1058 1065 1065 1065 1065 1065 1065 1065 1065 1065 1055 1055 1055 1062 1070 1069 1072 1073 1072 1071 1071 1069 1071 1072 1072 1071 1071 1068 1066 1073 1071 1071 1070 1069 1075 1068 1071 1058 1069 1071 1066 1070 1074 1071 1071 1071 1068 1069 1074 1078 1078 1078 1072 1075 1081 1081 1079 1079 1073 1078 1082 1078 1076 1074 1074 1067 1080 1081 1079 1078 1073 1074
-999 -999 -999 -999 -999 -999 -999 -999 -999 -999 -999 -999 -999 -999 -999 -999 -999 1063 1058 1058 1058 1065 1065 1065 1065 1065 1065 1065 1065 1053 1053 1069 1069 1070 1072 1071 1072 1071 1073 1071 1063 1061 1068 1071 1067 1067 1072 1072 1069 1068 1069 1071 1069 1074 1068 1071 1071 1074 1075 1071 1072 1073 1072 1073 1069 1073 1076 1073 1073 1073 1080 1081 1079 1072 1079 1080 1082 1075 1071 1061 1074 1076 1076 1077 1080 1078 1078 1077 1077 1073
-999 -999 -999 -999 -999 -999 -999 -999 -999 -999 -999 -999 -999 -999 -999 -999 -999 1063 1058 1058 1058 1058 1058 1058 1065 1065 1065 1065 1065 1065 1056 1069 1070 1071 1067 1072 1071 1065 1072 1071 1069 1069 1069 1067 1064 1064 1065 1061 1073 1073 1073 1068 1063 1067 1069 1070 1074 1071 1063 1071 1070 1072 1068 1073 1072 1070 1071 1073 1079 1079 1080 1082 1077 1081 1077 1076 1070 1077 1073 1073 1075 1077 1078 1077 1076 1081 1076 1072 1079 1072
-999 -999 -999 -999 -999 -999 -999 -999 -999 -999 -999 -999 -999 -999 -999 -999 -999 1063 1058 1058 1058 1058 1058 1058 1058 1058 1058 1055 1055 1055 1060 1069 1055 1049 1057 1072 1071 1070 1070 1066 1062 1068 1066 1069 1069 1067 1064 1066 1059 1068 1074 1069 1072 1064 1069 1061 1059 1071 1073 1072 1071 1070 1072 1070 1069 1073 1066 1068 1074 1080 1079 1077 1079 1078 1077 1080 1079 1070 1072 1081 1079 1080 1079 1073 1068 1068 1076 1078 1066 1069
-999 -999 -999 -999 -999 -999 -999 -999 -999 -999 -999 -999 -999 -999 -999 -999 -999 1063 1058 1058 1058 1058 1058 1058 1058 1058 1058 1058 1063 1063 1053 1056 1068 1070 1075 1073 1073 1071 1070 1070 1066 1068 1068 1066 1067 1064 1063 1064 1060 1058 1050 1066 1070 1073 1060 1074 1068 1066 1063 1075 1075 1069 1073 1071 1073 1076 1076 1078 1074 1080 1081 1079 1074 1081 1082 1080 1081 1079 1079 1076 1070 1070 1078 1080 1075 1067 1069 1073 1075 1077
