Input/HOURLY_GHI/2015/solar_ghi_20150101_04UT.txt
NCOLS 839
NROWS 679
XLLCORNER 112.025005
YLLCORNER -43.9750009
CELLSIZE 0.0499954
NODATA_VALUE -999
[rows 480 to 519 of 679, columns 630 to 719 of 839]
908 898 900 911 916 917 909 913 915 913 903 906 900 910 908 907 901 894 897 902 898 898 906 900 904 864 870 895 897 906 913 912 913 908 890 885 868 816 800 877 892 881 866 895 884 897 881 879 888 902 893 896 892 889 891 898 895 894 892 898 883 891 886 849 869 883 882 895 894 894 893 891 890 890 889 888 888 887 886 885 883 884 883 883 882 881 880 880 879 879
919 917 918 918 919 919 916 917 919 918 910 905 905 904 901 904 905 896 898 901 904 901 906 910 903 871 869 888 863 870 905 913 913 909 882 884 888 903 876 875 886 863 850 885 889 905 875 870 888 901 882 889 887 875 864 870 898 897 899 898 897 897 894 887 895 887 880 879 887 893 893 892 875 876 890 886 886 883 887 885 885 884 883 882 882 881 881 880 880 879
904 900 900 898 899 905 899 906 912 907 904 906 908 903 905 899 902 910 906 908 904 903 907 899 900 887 891 895 878 846 830 882 912 913 883 858 864 909 909 902 886 859 846 869 888 903 888 870 891 897 880 881 878 868 864 865 891 891 894 899 897 897 897 896 894 895 882 891 884 887 892 878 865 867 881 888 888 888 886 885 884 884 883 883 882 881 881 880 881 879
833 881 897 897 902 884 888 894 898 896 891 903 915 915 915 908 895 894 898 897 910 908 908 904 904 905 898 898 897 889 861 868 891 911 890 874 852 903 909 893 893 845 714 724 848 883 872 865 885 897 884 871 868 879 881 875 880 893 884 897 897 890 896 894 895 895 894 888 885 892 888 883 884 889 889 888 889 888 887 885 884 885 883 883 882 882 881 881 880 880
867 892 917 917 907 902 906 898 906 905 892 901 911 911 914 914 913 905 905 909 908 902 901 906 907 905 903 905 904 900 892 884 885 899 894 900 834 868 884 889 888 882 793 718 686 740 767 855 848 888 878 836 811 872 882 877 888 872 881 898 898 888 890 888 895 892 894 893 883 890 891 890 890 889 889 888 887 888 888 885 886 885 884 883 882 881 881 881 881 881
885 864 908 907 891 915 911 899 909 907 908 915 915 900 900 909 911 913 909 910 907 907 906 905 905 904 904 901 903 900 901 893 890 882 893 897 888 876 893 895 886 903 906 839 704 663 730 749 793 833 772 831 883 874 847 866 869 834 866 898 897 897 896 891 896 895 894 893 887 881 890 890 884 889 881 888 888 887 887 887 885 884 884 883 882 882 881 881 880 880
873 874 894 889 850 909 901 892 906 892 895 900 897 891 889 908 915 915 915 913 905 913 910 914 901 903 901 900 899 901 896 896 893 884 892 887 887 883 891 890 874 894 904 907 872 732 647 678 812 816 823 862 857 828 849 881 858 812 840 880 888 897 896 890 895 895 894 886 872 854 848 865 861 873 873 874 886 873 878 886 884 884 885 883 882 881 878 881 876 879
885 892 895 865 854 906 888 872 881 871 898 906 895 884 882 886 907 915 915 899 904 914 915 913 907 909 906 897 902 897 904 904 908 903 909 911 892 891 888 880 867 867 880 906 895 859 754 697 782 786 821 857 859 845 870 877 857 814 826 855 862 880 882 890 891 894 877 888 871 858 880 882 885 876 880 882 884 886 884 885 885 885 884 883 882 880 880 881 880 876
902 898 892 878 838 911 913 853 849 848 892 897 903 902 908 897 889 906 907 895 897 901 901 908 904 902 896 898 903 899 902 904 907 897 909 910 895 900 902 889 877 858 822 894 903 901 887 859 835 798 810 861 866 844 856 878 872 873 869 858 870 868 879 852 895 895 887 884 882 859 889 889 888 881 882 887 887 886 884 885 884 885 884 883 880 881 881 880 881 881
916 911 896 874 804 885 863 798 887 894 894 889 901 891 894 873 844 880 892 900 900 897 907 914 906 908 909 904 911 911 901 900 898 873 894 901 898 902 899 897 881 880 831 875 903 886 871 902 885 874 870 876 870 872 884 889 889 881 879 876 883 845 862 808 895 894 893 870 868 867 886 888 875 881 883 876 888 885 879 873 885 885 884 884 878 877 880 881 880 880
906 878 894 881 853 845 832 872 895 891 876 855 794 812 859 882 885 894 888 899 909 905 912 912 913 903 900 903 904 908 901 903 903 896 905 906 907 909 903 900 890 851 796 894 906 883 882 900 900 901 900 899 890 884 885 887 896 893 886 870 859 864 821 838 884 895 885 882 876 878 885 882 889 889 878 862 868 887 886 881 880 884 883 882 881 881 881 882 881 880
883 863 896 890 827 820 791 860 906 908 897 864 855 861 884 877 892 893 898 900 902 900 903 907 913 899 899 904 907 911 909 905 905 899 895 896 901 910 910 904 892 856 802 890 905 904 894 882 877 896 901 900 899 883 878 873 863 847 861 863 855 849 850 879 880 885 882 879 885 879 887 887 890 889 878 857 859 887 871 871 885 884 884 883 874 883 881 869 881 879
906 894 902 903 872 828 698 727 860 906 898 876 901 894 885 870 850 841 858 884 887 888 883 905 912 887 892 906 897 905 903 903 901 898 900 899 891 895 895 898 894 870 827 846 870 897 894 883 795 821 854 885 900 890 893 898 898 882 889 876 878 883 891 894 888 882 883 880 878 883 884 878 878 875 875 870 879 882 854 857 867 869 874 880 875 872 879 850 878 879
894 871 848 900 902 870 791 769 831 886 886 880 881 903 888 827 805 785 813 878 902 902 887 899 897 870 896 892 896 898 898 902 895 903 898 900 903 903 896 897 896 887 892 874 852 876 887 883 842 794 814 825 889 760 831 898 898 897 896 889 885 881 889 894 894 895 881 881 871 867 876 864 857 863 865 880 888 888 856 805 832 859 883 882 883 878 873 841 851 868
877 879 841 879 896 888 878 868 883 894 895 884 838 890 865 837 853 838 848 883 892 881 882 885 883 896 898 892 910 910 910 901 896 896 900 903 904 902 894 894 894 907 907 902 883 891 870 875 829 788 794 786 852 742 707 900 898 898 898 897 888 881 889 895 894 883 893 888 870 862 875 879 882 877 880 888 887 883 881 866 842 873 880 883 882 881 881 872 873 878
903 896 889 893 910 887 878 888 893 905 898 878 784 849 834 842 884 887 864 876 888 888 892 879 884 908 899 901 909 909 909 897 898 899 900 902 906 899 893 889 872 898 906 905 898 894 884 880 867 814 797 817 813 738 731 855 876 898 898 895 895 880 887 894 888 875 894 877 854 866 878 879 881 884 888 887 887 887 886 886 885 884 883 883 882 881 880 870 872 876
899 894 894 905 911 902 893 878 887 904 907 885 812 854 840 806 848 898 877 887 901 896 888 858 857 888 895 889 897 909 906 899 899 908 901 899 898 897 897 890 855 873 901 904 904 902 885 881 878 868 858 848 826 806 826 826 823 835 844 882 887 857 889 895 887 861 894 893 859 888 891 884 889 883 889 888 887 888 887 886 885 884 882 881 882 881 874 877 878 877
912 907 898 901 902 903 905 897 888 897 912 900 884 869 885 864 804 892 875 883 905 898 892 847 807 769 794 858 874 901 903 903 897 908 902 894 895 894 896 896 875 863 877 896 903 900 885 873 878 879 885 873 867 828 813 805 769 783 737 793 826 853 895 895 894 868 894 890 876 892 891 891 888 890 888 888 887 887 887 885 884 884 882 881 881 881 880 879 878 877
908 904 900 899 904 905 905 902 892 885 901 905 911 908 895 875 839 884 885 885 907 906 890 861 825 735 772 876 889 905 906 886 898 907 904 897 904 900 897 904 895 884 878 883 894 900 888 873 866 850 879 876 881 869 817 837 804 743 760 748 831 848 879 895 895 872 879 883 891 881 886 883 884 882 889 869 882 887 886 879 884 884 883 882 881 880 880 879 877 869
918 913 913 911 907 909 907 905 903 884 889 883 911 911 902 909 875 888 885 872 876 897 884 866 867 834 870 874 879 886 899 874 902 906 900 896 906 906 898 897 892 890 885 882 889 898 888 886 877 859 867 870 888 882 851 837 833 807 782 741 779 723 789 851 876 862 863 874 893 887 882 891 870 884 890 861 865 884 886 886 882 884 882 882 872 870 879 879 878 875
902 903 912 904 905 907 907 904 905 898 887 839 880 911 900 901 906 889 903 876 830 876 887 885 896 892 876 863 860 881 887 843 887 897 893 887 897 901 900 888 887 892 893 890 889 898 886 891 887 879 879 873 884 884 872 846 847 803 806 817 811 773 780 767 791 859 838 881 887 893 892 890 870 889 889 876 860 867 880 883 874 878 883 882 879 855 866 869 876 873
918 905 916 908 915 913 905 905 903 899 899 853 842 900 899 891 895 900 908 893 866 826 866 844 891 906 881 863 876 884 863 871 887 902 896 889 902 904 904 900 901 892 891 886 891 898 894 901 892 891 894 893 891 881 881 866 843 836 817 858 853 846 821 823 813 799 834 852 853 869 882 886 867 890 889 888 880 863 863 861 872 855 882 881 871 871 879 875 877 876
890 889 906 889 908 914 908 905 901 898 893 873 844 888 905 887 880 891 907 896 865 767 764 708 865 895 899 856 871 874 871 850 879 886 892 896 898 904 903 903 902 899 899 886 881 891 901 896 892 886 900 900 887 885 890 889 876 862 858 870 879 874 824 802 793 788 803 842 859 871 887 891 891 890 890 888 887 886 867 827 826 801 857 851 866 878 879 878 874 871
834 845 845 896 889 914 912 913 908 900 903 893 870 863 897 889 885 891 899 903 895 870 863 837 847 861 876 830 820 861 851 800 837 784 775 793 808 872 901 902 901 901 901 893 880 874 884 892 878 877 887 891 894 884 884 889 869 871 878 874 882 879 837 835 819 806 821 806 827 855 865 886 891 890 878 889 887 885 869 842 822 850 870 871 854 870 871 869 876 875
839 866 794 804 850 863 871 912 912 908 910 899 890 883 885 890 888 870 882 900 897 891 887 883 873 854 889 862 783 796 859 835 827 772 729 835 809 823 870 886 885 901 901 897 886 883 890 885 874 862 875 897 887 879 886 886 883 880 879 871 886 895 885 870 850 840 858 829 818 805 765 825 865 890 882 889 887 886 884 885 883 878 881 865 833 864 867 849 876 876
719 829 778 801 858 858 852 881 907 911 907 906 887 893 900 896 899 893 894 898 900 899 887 877 861 862 897 894 853 767 846 835 849 810 816 868 805 828 839 874 870 881 895 900 892 898 892 887 884 883 888 898 898 897 894 884 892 881 880 868 875 888 895 890 877 852 850 814 784 791 833 812 809 842 861 879 884 885 885 884 882 881 881 870 838 868 849 810 861 873
665 723 685 670 730 791 846 857 869 903 910 910 910 895 896 899 898 898 886 892 899 904 901 850 788 785 879 904 894 840 839 875 851 794 863 874 843 860 862 874 851 850 895 899 899 898 888 885 877 834 867 898 894 890 893 887 884 886 883 878 865 876 879 890 879 865 866 814 828 844 875 861 852 831 835 845 868 874 885 885 883 876 869 880 860 874 865 858 868 849
647 622 628 639 657 709 762 735 695 752 811 903 909 909 908 908 908 890 897 887 898 901 893 869 813 747 835 894 894 898 849 876 857 853 856 892 890 878 867 875 849 817 848 896 898 898 898 886 873 851 872 898 897 894 897 884 884 890 885 885 887 873 876 881 886 871 873 836 818 838 874 880 871 876 865 835 834 847 875 883 882 882 874 879 878 878 843 865 858 836
684 684 577 604 631 677 758 773 703 663 657 681 774 881 900 907 906 896 890 890 892 892 892 888 868 797 821 869 864 899 902 889 865 876 850 877 888 891 884 882 828 812 788 856 892 897 897 897 877 866 859 887 896 896 892 885 886 881 886 893 895 889 885 883 888 884 869 862 851 829 846 852 843 861 872 864 846 807 837 864 882 882 872 873 873 878 874 878 874 874
622 736 698 608 642 709 749 767 779 710 629 651 649 760 859 907 906 906 901 899 893 898 886 888 875 856 848 855 819 847 893 888 867 864 865 872 881 891 887 879 832 749 658 836 876 873 893 887 886 862 844 860 887 895 895 894 884 875 877 888 891 888 884 879 883 885 880 878 878 861 847 853 796 816 829 856 859 822 797 811 858 868 859 866 867 870 872 870 874 878
621 648 668 612 628 714 783 771 762 751 708 635 607 594 733 849 903 905 905 905 894 887 893 884 879 882 887 883 834 848 853 876 873 882 900 887 887 884 887 868 817 685 646 810 869 869 868 874 878 866 828 839 879 887 891 891 894 894 884 894 894 894 888 885 883 889 893 889 888 874 872 872 834 805 779 759 779 817 833 847 836 839 837 846 851 864 822 853 864 878
651 697 649 598 584 636 667 699 717 734 821 842 751 674 607 745 837 883 892 905 905 896 888 884 880 880 863 876 888 897 900 879 856 876 899 899 896 898 884 877 836 810 801 824 863 878 877 873 872 871 858 843 868 888 894 869 887 893 891 893 892 894 893 883 882 885 888 889 890 883 873 882 857 847 845 804 783 786 791 823 831 814 757 805 805 854 854 821 840 870
712 722 695 597 612 617 666 672 671 689 731 780 793 772 720 768 871 881 882 875 904 903 903 903 893 881 866 822 793 836 892 895 792 704 807 795 866 898 897 877 855 853 862 877 881 882 888 885 882 877 868 824 835 866 878 803 834 868 885 887 889 893 893 892 881 877 877 884 889 889 888 887 880 871 862 850 813 777 716 717 726 736 709 749 760 815 861 857 854 866
812 796 767 663 645 650 637 645 673 690 680 694 770 769 723 715 818 875 889 852 861 885 900 902 898 893 883 861 792 831 885 894 838 834 869 824 784 876 895 869 846 847 866 886 895 892 891 892 888 894 869 853 817 837 872 860 828 820 856 860 888 892 892 892 888 890 882 875 888 888 887 885 875 864 845 853 841 808 765 737 699 681 726 774 777 804 849 870 872 878
853 838 815 708 644 677 716 743 723 704 686 692 747 760 741 689 755 854 893 882 853 872 886 894 901 901 900 887 872 863 883 884 855 857 870 867 831 867 874 883 871 854 857 885 888 881 882 882 890 894 886 882 865 860 867 874 863 851 829 840 864 883 879 879 875 890 888 869 888 887 885 873 884 873 865 848 863 855 793 760 729 702 735 776 735 715 753 848 855 864
750 769 794 735 634 656 690 753 779 792 790 764 735 755 728 682 691 778 878 898 893 885 879 886 878 870 893 899 897 882 877 885 883 886 884 879 872 870 856 865 804 749 763 818 871 891 880 820 846 890 893 894 883 880 872 882 873 868 855 840 861 871 876 866 848 889 879 876 887 886 886 882 884 882 871 853 855 855 835 830 813 777 725 704 722 677 729 773 830 809
746 726 732 721 648 625 661 734 781 813 821 817 798 765 741 738 672 674 762 859 892 893 889 885 889 853 842 882 882 883 879 874 868 888 894 894 888 891 882 865 786 765 770 756 825 881 893 867 805 867 881 887 886 893 892 892 881 872 870 869 862 871 886 884 856 875 872 874 877 874 876 877 877 883 875 870 850 841 857 867 854 832 794 762 731 723 752 790 808 778
814 826 786 765 712 680 647 696 739 768 815 820 823 810 751 728 701 631 700 751 822 861 889 894 894 865 847 860 878 889 884 893 894 895 895 895 884 878 872 875 829 811 810 758 742 822 885 867 806 827 843 847 842 861 884 891 891 872 870 878 868 862 877 876 872 859 851 849 868 869 882 876 874 882 882 873 873 863 879 871 868 867 840 822 805 761 801 834 824 756
856 844 856 846 813 768 738 694 711 669 728 761 786 790 788 753 717 689 701 718 731 767 847 867 883 843 804 832 856 883 879 853 883 895 895 895 888 872 871 884 867 826 820 814 791 739 865 878 868 850 864 859 831 810 843 882 891 883 881 872 864 845 853 852 855 860 863 863 876 874 879 862 861 875 874 875 869 871 865 859 869 878 867 854 867 832 786 813 813 825
872 861 864 866 842 814 836 775 649 658 646 757 746 757 784 790 781 785 778 735 751 744 778 852 875 851 752 700 763 832 802 707 724 808 894 887 890 892 860 881 859 822 860 823 850 825 871 889 876 850 864 859 831 876 840 864 867 877 880 878 871 870 862 858 849 858 881 863 866 870 879 862 861 870 864 853 855 879 873 869 872 871 866 856 873 853 793 758 723 772
