Input/HOURLY_GHI/2015/solar_ghi_20150101_02UT.txt
NCOLS 839
NROWS 679
XLLCORNER 112.025005
YLLCORNER -43.9750009
CELLSIZE 0.0499954
NODATA_VALUE -999
[rows 114 to 151 of 679, columns 430 to 515 of 839]
1029 1028 1028 1027 1026 1026 1024 1018 1001 1016 1027 1019 969 976 874 820 783 712 664 905 871 933 734 728 790 694 665 737 927 979 948 1026 1025 1027 961 929 961 950 1011 1010 1027 765 930 1026 1026 964 1024 1024 991 900 974 678 752 848 888 538 632 763 840 929 913 913 827 827 955 955 955 448 448 421 499 499 499 499 499 499 499 499 892 687 497 872 872 872 872 872
1029 1021 1027 1027 1026 1025 1024 997 984 941 1026 980 915 1011 902 820 582 816 758 816 980 1027 941 754 942 850 798 731 950 927 909 996 1025 1026 1013 790 901 984 1004 1025 1025 869 1026 1026 957 855 1002 1025 804 717 869 850 940 958 889 957 687 915 917 816 634 746 827 827 955 955 955 448 421 421 999 999 999 999 999 999 892 892 687 497 872 872 872 872 872 872
1029 1029 1029 1028 1028 1026 1025 971 910 1025 1001 972 1021 1027 1027 845 568 936 884 807 1028 1027 813 703 773 681 753 1010 1026 1023 918 1019 995 1002 937 920 888 981 1018 1024 1025 1000 979 966 808 964 1008 920 742 1015 1024 1003 903 814 882 840 461 703 1013 1021 1008 964 738 738 738 1017 897 897 975 999 999 999 999 999 892 892 892 687 497 497 872 872 872 872 872 822
1029 1029 1030 1029 1030 1028 1026 1017 1004 1025 1026 1027 1027 1027 1027 1027 835 739 856 960 978 986 1015 943 981 860 807 1010 1027 1010 949 1027 1027 1027 827 790 845 1000 1024 1025 979 998 877 984 956 904 1008 937 955 967 863 670 573 716 1011 1006 797 916 1022 1018 904 708 630 630 846 1017 897 897 975 838 881 881 892 892 892 892 687 687 497 497 872 872 872 872 872 822
1030 1030 1029 1030 1029 1028 1028 1027 1013 1027 1027 1028 1029 1029 1029 1028 1028 998 1028 989 875 958 950 1028 1010 1027 1013 1023 1018 1027 914 825 927 648 773 863 759 928 936 882 870 1017 992 1027 914 840 801 985 925 845 796 910 993 1023 1024 1024 1025 1025 1006 861 671 862 980 980 846 1017 897 897 975 838 881 881 892 892 892 687 687 497 497 497 872 872 872 872 822 822
1005 1029 1030 1029 1029 1028 1028 1010 1027 1028 1027 1029 1029 1029 1030 1030 1029 1023 1029 931 998 985 968 1028 1028 1028 1026 940 984 922 864 825 765 787 751 825 821 987 1024 902 1017 1002 988 1027 896 515 717 939 1002 984 914 1024 1023 1024 1024 1024 1024 1003 1015 955 870 965 919 914 859 709 474 566 738 475 860 1023 892 892 687 687 505 497 497 868 872 872 872 872 822 822
1030 1030 1030 1021 1029 1029 1023 992 1028 1029 1028 1028 1030 1030 1030 1029 1030 984 834 841 982 983 1015 1029 1029 1013 1018 871 794 936 832 839 665 579 813 764 845 913 1019 1025 1026 1026 1027 1005 881 703 971 1025 1024 999 1024 1024 1021 922 1017 1017 969 1024 1007 909 961 968 912 786 775 691 713 748 699 451 931 984 925 687 687 505 497 497 497 868 872 872 872 822 822 822
1031 1031 1031 1030 1031 1030 989 987 1029 1029 1029 1029 1030 1030 1030 1030 1030 976 927 1031 1031 853 912 1030 1025 992 1025 1015 959 1007 780 697 817 808 672 650 956 841 948 1026 1026 801 967 982 794 891 1025 1023 1015 1025 1000 1024 1004 964 1020 982 968 1024 919 941 942 898 803 741 944 975 932 979 910 770 944 827 787 536 505 505 497 497 577 868 872 872 872 822 822 822
1031 1031 1031 1031 1031 1030 1021 1029 1030 1030 1030 1030 1030 1030 1031 1031 1031 1016 1019 1023 1019 1016 987 1028 1031 1025 1031 969 992 975 649 730 768 737 836 862 913 875 982 1026 966 969 1012 985 981 1013 980 976 1018 933 1025 1024 988 965 960 1023 1023 950 869 959 828 845 870 958 869 963 1000 980 757 836 960 769 687 677 469 566 497 497 577 868 872 872 822 822 822 822
1032 1032 1030 1031 1032 1032 1031 1031 1032 1031 1031 1031 1031 1032 1032 1032 1032 1033 1034 1034 1034 1006 956 909 1032 1032 1031 1032 880 816 737 967 714 824 1025 976 838 841 992 980 1009 1026 903 1027 1003 990 949 1026 1026 1025 1025 1024 1021 966 1017 1023 1024 905 909 907 751 855 916 818 1021 987 967 935 753 718 945 1023 939 737 735 605 480 447 577 868 872 872 822 822 822 870
1033 1033 1033 1033 1033 1033 1032 1033 1032 1033 1033 1032 1032 1033 1033 1033 1034 1035 1035 1035 1035 741 833 1027 984 940 915 927 1017 961 970 962 767 929 1029 810 829 866 958 884 1025 1026 1015 1025 1026 1026 952 872 1026 1025 1024 1024 1004 1021 1023 1015 830 955 982 836 867 813 960 952 1009 1005 965 986 842 963 993 975 950 826 949 933 732 494 448 386 444 502 822 822 870 870
1026 1034 1034 1034 1035 1034 1034 1034 1035 1035 1034 1034 1035 1035 1035 1035 1036 1037 1037 1037 1026 724 811 780 808 866 1030 1034 1007 974 834 930 840 766 950 850 1029 1028 872 960 1026 1015 1025 1025 1026 997 901 1007 1019 1024 1024 1024 1024 1023 1023 828 899 1003 1020 973 975 923 884 973 1024 1024 994 973 920 608 894 969 851 950 918 740 493 483 427 408 478 486 748 870 870 957
1013 1035 1036 1036 1035 1035 1036 1036 1036 1037 1037 1036 1037 1037 1036 1035 1031 1018 1038 1020 902 700 786 988 988 1036 995 870 864 800 955 931 802 790 938 885 1029 1028 796 1025 1025 839 936 905 1010 950 913 901 1023 1025 1024 1024 1025 1024 1024 1001 948 976 1015 993 1009 972 968 1024 1010 937 973 966 974 798 955 928 906 917 788 724 592 489 465 686 850 995 1022 800 957 957
1037 1038 1037 1037 1037 1037 1037 1024 995 1038 1038 1038 1038 1038 1038 928 1009 824 731 602 762 817 932 1039 1039 1039 888 863 934 1035 1034 1026 940 887 942 846 893 969 834 1028 935 775 875 973 1024 1027 884 894 1007 1024 1023 1024 1024 1009 1012 997 955 1015 1025 980 946 854 928 1015 1017 1007 1002 911 904 765 929 1025 829 927 951 830 614 588 737 1010 1012 975 1022 870 877 1022
1038 1039 1039 1038 1038 1038 1038 1039 1039 1023 1040 1041 1040 1040 930 862 851 1004 671 757 1039 1007 1034 869 1041 1040 1007 1034 1024 1022 986 911 711 718 809 969 974 801 683 985 901 936 909 925 1009 799 955 1000 1025 1020 1024 1024 987 999 1012 1009 1016 968 1026 1025 994 1005 946 1010 974 1005 1024 945 958 967 880 828 921 941 986 620 492 583 650 967 884 836 886 669 999 1021
1040 1041 1041 1039 1040 1040 1040 1041 1041 1041 1041 1016 1042 1042 1042 1031 1026 1041 709 666 836 1042 971 925 925 951 1019 1019 1037 1038 1016 1036 939 971 976 1033 1008 829 781 828 926 958 932 935 973 992 998 1027 924 971 1025 1024 1005 1026 1026 1026 982 1026 1021 1011 978 1020 1024 978 989 988 987 987 1025 1008 925 803 811 854 1000 693 609 539 948 719 725 778 809 562 753 1022
1042 1043 1042 1041 1041 1042 1041 1042 1042 1042 1043 1043 1043 1044 1044 1044 1018 1040 932 489 725 838 743 882 939 1043 984 1042 1041 993 1039 1038 1038 1019 995 1036 1004 1034 980 764 798 919 971 1023 1031 956 1003 958 1028 1026 1010 989 1026 1027 1025 1028 1027 1026 1019 1024 1025 1025 993 966 914 932 1007 906 1004 1018 1027 995 795 879 827 714 782 644 718 751 443 820 661 697 759 919
1044 1044 1043 1043 1043 1043 1043 1043 1044 1044 1044 1044 1045 1045 1046 1045 1045 1045 797 543 542 566 777 1030 957 981 991 903 856 896 980 946 837 839 596 837 976 1037 983 813 722 930 903 1027 1020 1022 960 1024 991 998 840 973 1026 1027 1029 1028 1028 1027 1026 1026 1023 1025 1020 996 1006 914 786 792 788 962 845 833 736 815 834 934 906 818 940 984 630 874 705 533 785 910
1044 1044 1044 1044 1043 1044 1043 1043 1043 1043 1045 1045 1046 1047 1047 1046 1046 1047 1046 858 536 525 880 989 979 819 729 798 961 1033 936 747 596 746 657 912 1002 886 938 936 968 953 1032 1037 1036 993 954 1005 853 880 957 991 1010 1028 1029 1029 1029 1029 1028 1007 1026 1026 1026 1024 977 859 743 725 655 763 820 929 873 808 841 846 817 826 1002 871 877 751 712 505 646 980
1044 1044 1044 1044 1045 1044 1044 1044 1044 1045 1046 1045 1046 1047 1047 1047 1047 1048 1048 528 475 841 864 928 917 760 584 609 1027 937 821 673 796 714 1005 1037 1028 991 1004 1042 1014 1026 1040 1039 1039 1039 1038 992 995 913 1033 1032 1009 1024 1029 1030 1029 1029 1028 1016 1003 1017 1022 1026 931 854 722 678 593 813 905 952 938 837 911 836 998 798 883 929 804 1004 960 942 733 1024
1045 1045 1045 1045 1046 1045 1045 1044 1045 965 1030 1038 1046 1048 1047 1036 1048 1048 1032 535 768 928 887 812 617 612 812 836 939 680 655 601 752 698 884 1015 1025 1033 1044 1044 1013 1042 1041 1041 1041 1041 1012 1020 1038 962 1035 1034 1033 1032 1031 1031 1030 1029 1029 973 977 1027 1026 923 821 736 738 887 766 875 852 977 949 718 822 974 1006 878 946 716 932 1028 818 836 1026 1025
1046 1046 1047 1046 1046 1046 1045 1045 1045 1034 1046 1047 1038 1024 998 979 1048 1004 1017 1049 908 1031 989 805 483 537 928 773 831 670 695 666 755 703 798 911 973 1022 1045 1044 1037 1044 1043 1043 1043 1042 1041 1006 958 956 1038 1037 1036 1035 1034 1032 1031 1030 1029 1023 1029 990 983 924 819 786 813 947 910 898 934 964 763 843 885 998 1027 1028 1029 962 1011 959 855 697 1027 1025
1046 1046 1047 1047 1046 1046 1046 939 845 861 980 1032 974 938 732 986 871 1009 1007 1016 829 760 760 594 526 757 643 793 832 503 767 513 683 592 697 632 859 1012 1045 1045 1026 1036 1024 1043 1043 1043 1042 1042 1036 1017 1040 1039 1038 1036 1035 1034 1033 1032 1030 1026 1029 1017 1028 989 942 896 846 978 1007 938 821 981 592 905 1022 1013 1026 1027 856 901 783 706 670 433 912 1026
1045 1046 1047 1046 1046 1046 1046 960 646 816 1035 779 783 937 799 971 948 988 949 727 731 619 646 598 825 996 947 879 687 707 725 681 877 1003 992 853 935 1044 1037 1046 974 1009 1044 1004 1043 1043 1043 1023 1008 1041 1041 1039 1039 1036 1035 1035 1034 1033 1032 1030 1006 1029 969 991 1004 1004 911 1001 966 819 888 792 869 1025 1008 1025 1012 914 839 1015 877 842 587 433 946 998
1045 1046 1046 1046 1046 1047 1047 1047 878 1047 945 728 908 1031 973 1013 1036 1020 955 762 728 715 841 948 1033 988 980 939 726 965 1041 1010 1043 1039 1018 977 1040 1044 1043 1014 906 1046 1045 995 1044 1044 1043 1043 1043 1041 1040 1040 998 925 1034 1038 1037 1035 1033 1031 993 875 893 948 1029 948 825 911 904 956 969 1007 1028 1002 939 965 950 998 911 942 849 956 639 735 1030 1009
1023 1045 1046 1046 1046 1047 1047 1048 1048 1048 928 868 1021 1045 1050 1051 1052 1025 1034 825 841 859 814 971 999 1004 1015 979 1021 1049 1048 1016 1047 1026 1018 1030 998 1036 1046 928 985 1015 1046 1032 1045 1044 1044 1043 1042 1030 1016 953 980 989 949 948 1032 1036 1034 1012 864 890 958 976 982 1017 956 971 999 986 885 998 1028 1028 1026 1024 1027 998 997 968 994 791 484 915 963 1022
1019 1045 1047 1047 1047 1047 1048 1048 1048 1050 1024 1035 1050 1050 1050 1051 1028 992 995 982 956 788 862 955 978 1020 1034 1043 1050 1025 1049 1048 1048 1043 1021 1047 1036 1022 1047 956 1031 1030 1047 1046 1047 1046 1045 1044 1043 1042 1019 1017 1031 976 1006 1038 1015 1032 1023 1035 1015 990 986 1011 1006 1015 992 1024 1013 749 917 904 1029 1028 1028 1012 1027 982 1016 1016 1017 618 592 958 1029 1022
1046 1046 1046 1047 1047 1048 1049 1049 1049 1051 1040 1050 1050 1051 1050 1051 1043 988 818 989 876 853 828 974 944 946 1024 1012 1031 1020 1049 1048 1048 1047 1037 1025 994 1017 1039 1047 1047 1047 1046 1046 1047 1046 1045 1044 1043 1042 1040 1040 1030 1039 1027 1038 1037 1003 1035 973 990 992 1031 1031 1030 1030 1030 1009 851 693 711 604 883 979 1028 998 1026 1027 1027 1027 1028 728 572 971 1029 1027
1046 853 1047 931 1047 1048 972 810 1051 1051 1050 1050 1002 940 1052 1052 1009 947 884 884 834 880 863 914 958 1043 1049 1040 1049 979 1047 1015 1032 1037 1029 1026 1002 1047 1047 1047 1047 1046 1047 1047 1046 1046 1046 1045 1044 1044 1043 1042 1040 1039 1038 1037 1037 1036 1025 1033 1033 1033 1031 1031 1031 1030 1030 953 697 472 578 485 540 660 760 1023 1026 1027 1027 923 964 588 596 994 1029 1014
720 1047 1048 1042 970 1049 967 872 815 918 970 930 726 725 1012 1053 951 997 937 912 944 988 957 967 973 1049 1049 1049 1049 1048 1039 1028 975 1010 1041 1032 1047 1046 1046 1046 1046 1047 1047 1046 1047 1046 1046 1045 1034 1043 1043 1042 1041 1039 1039 1038 1037 1035 1034 1033 1033 1032 1032 1030 1031 1031 997 862 559 687 532 606 656 517 702 1005 1028 863 955 1018 906 753 665 966 1028 956
904 846 1047 1047 1047 1047 1048 903 855 811 968 723 620 681 816 742 1035 1031 1035 1042 1053 1024 1037 1016 1015 1049 1048 1044 1048 1048 1048 1048 1005 1030 1044 1046 1047 1047 1047 1047 1047 1047 1009 1047 1047 1047 1046 954 943 1011 1042 1042 1042 1041 1040 1038 1037 1036 1034 1033 1032 1032 1032 1031 1032 1031 1017 980 805 1029 965 963 688 599 751 738 804 951 963 989 1002 1029 1027 1027 825 1025
794 914 998 1042 1006 1036 1017 603 786 999 1009 717 712 484 536 590 953 1006 1005 1052 972 915 981 1036 1039 1049 1048 1047 1048 1047 1047 1016 1047 1047 1047 1047 1047 1047 1047 1047 955 943 913 1009 1036 892 1025 982 919 968 1043 1042 1043 1042 1041 1039 1038 1037 1035 1034 1032 1032 1032 1032 1032 1000 1029 897 960 1022 1006 702 493 492 504 1012 809 571 827 994 1029 1010 1028 1028 977 804
752 819 892 698 755 1026 641 509 525 863 1052 985 943 910 940 1021 1050 1052 1053 1052 980 1041 1029 1049 1048 1048 1047 1047 1047 1047 1047 1044 1047 1047 1047 1048 1047 1047 931 869 767 735 996 1021 931 587 593 644 739 759 901 1030 1042 1041 1041 1039 1039 1038 1036 1035 1034 1032 1033 1033 1032 973 987 834 750 831 828 961 715 484 763 747 610 661 827 839 1031 1030 1029 1029 1029 937
972 992 813 549 714 929 569 441 515 821 970 1014 1050 1052 1050 1048 1049 1051 1052 1052 1052 1009 1049 1049 1049 1048 1047 1046 1046 1047 1047 1047 1046 1047 1047 1023 988 908 617 553 1016 955 963 1028 915 594 590 664 828 975 1001 1023 1043 1041 1042 1040 1040 1039 1038 1036 1035 1034 1033 1034 1033 1033 1033 995 781 679 836 1032 729 566 651 640 979 807 958 783 987 1032 1030 912 956 933
1034 988 678 581 584 880 586 435 582 869 1053 1042 1052 1052 1051 1049 1049 1050 1050 1049 1050 1050 1049 1049 1049 1047 1046 1046 1045 1045 1046 1046 1046 1033 1007 844 857 690 630 982 1036 997 750 819 868 838 752 852 815 852 1035 1043 1043 1042 1041 1041 1040 1040 1038 1037 1036 1035 1034 1034 1033 1034 1034 974 920 654 717 927 1011 1012 800 838 1033 984 797 873 835 766 860 929 1033 1032
888 797 655 594 539 518 440 519 835 844 1052 1053 1052 1052 1052 1050 1050 1049 1049 1033 1035 1049 1050 1048 1048 1047 1045 1045 1034 1037 1045 1045 1004 670 879 798 711 654 888 963 931 1008 789 658 792 658 850 739 911 825 1045 1045 1044 1042 1041 1042 1040 1041 1038 1039 1037 1036 1035 1034 1035 1035 1035 1015 860 587 610 931 1018 1035 1035 1030 1034 1034 926 756 499 604 810 1023 1033 1034
774 531 437 496 489 460 331 500 904 888 1051 1052 1052 1052 1052 1051 1049 1048 1048 1048 1047 1049 1049 1048 1048 1047 1045 1045 1037 1026 1031 1039 966 770 838 968 978 1018 1046 1045 1035 1016 1017 1016 1009 951 977 838 908 983 1046 1046 1044 1042 1042 1041 1041 1040 1040 1040 1039 1038 1037 1037 1036 1036 1036 1036 946 571 551 693 1009 1036 1031 1035 1026 596 745 790 482 776 789 981 1034 1034
547 454 487 484 738 796 563 580 871 901 1025 1049 1051 1051 1052 1052 1050 1048 1048 1048 1047 1047 1048 1048 1047 1048 1046 1044 1035 1008 979 926 772 822 852 952 1035 1045 1045 1045 1045 1038 1040 1037 1030 1040 1035 1032 1022 1011 973 1045 1044 1043 1042 1042 1041 1041 1041 1040 1040 1039 1039 1038 1038 1037 1037 1029 956 775 629 768 1013 1034 1027 1027 1035 828 766 609 609 912 918 1035 1035 1036
