Input/HOURLY_GHI/2015/solar_ghi_20150101_00UT.txt
NCOLS 839
NROWS 679
XLLCORNER 112.025005
YLLCORNER -43.9750009
CELLSIZE 0.0499954
NODATA_VALUE -999
[rows 280 to 319 of 679, columns 91 to 181 of 839]
706 712 716 719 721 722 722 725 724 726 727 728 729 731 731 729 729 731 732 733 732 733 736 736 738 738 735 738 739 739 740 741 740 740 740 740 742 743 744 743 745 745 746 746 746 744 745 745 747 748 748 751 752 751 750 750 751 753 750 752 754 754 756 754 757 756 748 751 756 758 759 759 757 759 762 758 761 761 760 763 762 764 764 764 766 764 761 767 765 767 766
720 711 718 720 722 721 724 724 725 722 727 729 730 730 731 731 731 731 734 735 735 736 732 734 738 736 736 737 738 738 740 740 740 741 742 742 743 739 741 744 746 743 743 746 749 750 750 750 750 750 751 751 751 750 752 752 751 754 753 753 754 755 756 757 756 758 755 756 759 758 757 759 758 757 760 761 761 763 763 763 763 765 765 766 767 770 769 769 768 761 766
718 720 716 721 722 723 720 724 726 725 727 727 730 731 731 732 731 733 734 734 736 737 738 737 739 738 739 738 738 736 739 741 741 741 739 742 743 744 743 744 745 746 747 748 748 749 748 750 750 750 751 750 750 750 750 753 752 753 753 754 753 755 756 755 758 757 756 756 759 760 758 760 760 758 757 758 761 762 764 763 765 765 763 768 765 770 771 774 767 760 769
718 720 721 721 719 723 725 722 726 727 726 728 730 731 732 732 733 731 734 734 734 737 737 737 738 738 738 739 740 741 738 741 741 741 742 742 744 744 743 742 746 744 746 747 745 748 749 748 749 751 752 749 749 751 751 754 754 754 755 756 755 754 757 757 758 757 759 757 758 759 761 760 760 761 761 760 762 762 762 762 763 764 765 765 766 766 767 769 768 769 768
718 719 720 722 723 724 724 718 725 724 728 728 730 729 731 732 732 733 734 736 737 738 738 737 738 739 740 738 740 740 739 740 741 742 739 739 744 742 742 741 744 743 744 747 749 748 749 749 747 750 752 753 753 754 753 752 753 755 755 755 757 756 753 755 758 756 756 757 757 759 760 759 759 760 761 761 762 763 763 762 763 764 765 764 765 767 767 768 769 766 766
714 720 720 722 721 721 725 726 721 724 728 727 728 728 729 730 726 726 726 731 735 732 738 739 737 738 740 740 741 741 741 741 741 742 743 744 742 745 745 746 745 747 747 748 749 750 750 751 752 752 753 752 753 754 754 755 755 755 756 755 757 758 758 757 758 758 757 757 758 759 760 759 760 761 761 761 763 763 758 765 763 764 764 765 766 765 771 768 771 765 772
715 717 718 722 721 724 724 726 726 727 727 727 729 730 731 732 733 735 737 731 736 737 735 740 739 741 741 741 741 740 740 741 742 743 740 742 743 745 744 746 746 746 747 749 749 751 748 747 752 751 751 752 752 753 753 754 754 755 756 756 757 757 757 758 757 758 758 757 759 757 761 759 761 760 762 761 764 764 764 765 763 764 767 764 767 765 766 770 766 766 768
721 711 714 722 722 722 724 726 723 728 728 730 731 731 731 731 731 733 735 736 736 738 739 739 739 740 740 741 742 743 742 742 743 744 741 743 745 745 745 745 746 746 748 748 748 750 750 752 752 752 753 752 753 755 754 755 755 754 754 755 756 755 756 758 756 756 758 756 757 760 758 757 760 759 759 756 761 763 763 764 761 761 764 763 765 764 766 769 767 772 769
720 722 716 713 723 720 722 726 724 728 729 728 728 731 732 732 728 731 735 736 734 734 737 740 740 740 738 739 742 743 742 741 744 745 744 744 745 744 745 745 748 746 748 748 749 749 752 752 751 751 753 753 751 754 754 754 754 757 755 756 758 758 758 756 756 754 756 759 757 758 759 760 761 763 764 761 762 763 767 761 765 763 766 768 767 767 766 760 762 765 768
717 718 720 719 719 724 722 720 722 725 728 730 728 731 732 732 733 732 732 735 735 738 739 736 736 740 739 742 743 743 743 744 743 744 743 745 745 745 746 746 747 747 748 749 748 748 748 749 751 752 754 750 749 752 755 754 756 756 758 758 758 757 757 759 758 757 758 760 761 759 761 759 762 758 764 764 758 765 766 762 768 765 763 764 768 762 772 767 774 765 768
722 722 721 724 725 725 725 724 726 723 727 730 730 732 731 733 734 734 726 728 735 734 736 739 741 735 733 739 739 741 741 741 745 744 743 743 744 746 747 746 746 746 748 748 751 751 749 746 754 750 753 754 755 756 756 755 757 757 758 757 758 759 755 758 760 757 760 760 761 761 760 763 759 760 760 765 761 760 762 762 766 767 763 767 767 763 766 768 771 769 771
722 720 722 714 721 726 728 723 721 728 720 727 725 727 733 733 734 735 736 737 737 739 740 741 739 743 744 736 739 742 744 745 745 744 745 744 744 747 746 747 746 749 750 748 749 751 750 752 749 751 752 752 755 756 756 756 754 756 756 756 758 758 758 759 760 760 760 761 760 760 761 761 762 762 761 760 763 763 766 763 753 749 766 769 769 770 769 770 769 770 770
720 722 723 725 718 724 727 729 727 729 729 730 734 728 732 732 732 733 734 735 737 738 739 740 741 742 742 743 744 740 743 745 743 745 746 746 746 747 747 748 749 749 750 750 750 748 751 751 752 754 755 755 756 756 757 758 757 756 759 760 759 759 758 758 759 760 758 759 760 760 762 760 763 762 765 761 766 762 764 768 770 763 767 770 768 771 771 767 772 772 773
720 722 723 725 726 726 725 728 726 726 731 732 733 732 729 730 734 733 732 736 736 738 739 739 740 741 740 743 743 743 744 743 745 744 745 742 743 745 745 748 747 749 748 750 750 750 751 752 754 755 753 756 755 756 757 754 757 758 758 758 759 760 760 759 759 759 760 759 761 760 762 760 761 763 765 764 767 763 765 763 768 765 767 769 772 772 767 767 765 769 771
721 722 722 721 723 727 723 729 731 727 720 729 733 731 735 731 734 734 734 733 737 735 736 739 741 737 742 742 743 744 745 742 742 744 743 746 746 747 746 749 748 749 750 750 750 749 749 753 753 754 756 753 753 757 756 757 754 756 756 758 759 758 758 759 757 761 761 760 761 761 760 762 762 762 760 751 757 765 767 764 764 767 768 769 772 768 770 772 773 772 771
721 719 722 724 725 727 726 729 727 731 728 730 729 730 730 733 732 732 732 735 736 736 736 739 740 739 741 741 740 742 744 745 738 742 745 744 745 746 745 748 748 749 749 750 750 750 748 748 751 753 756 756 757 756 753 757 758 756 756 756 757 758 761 759 760 760 760 761 761 761 756 761 762 763 761 758 766 765 763 768 767 765 767 768 770 772 774 769 767 770 766
719 718 714 721 725 726 728 729 727 729 726 730 731 733 733 732 732 735 736 734 736 737 738 739 739 737 739 741 742 743 742 745 743 744 743 745 745 747 745 745 748 748 748 750 752 750 750 752 753 751 753 756 755 754 756 756 754 759 757 759 761 761 758 760 760 757 760 763 759 764 758 759 761 763 765 764 762 767 768 767 765 767 762 767 766 771 772 773 773 770 775
720 722 723 717 722 723 727 728 730 732 726 731 734 730 729 735 730 735 730 732 732 734 736 737 739 742 737 739 742 739 741 741 746 742 741 746 744 742 744 747 748 749 750 752 752 753 751 754 754 752 754 754 757 756 752 758 753 759 759 759 759 760 761 760 763 758 754 762 762 755 764 761 763 763 766 765 765 765 766 767 767 767 768 768 770 769 770 771 772 772 773
716 714 723 724 725 724 721 725 728 731 728 732 733 732 732 731 734 735 730 735 738 730 736 737 736 741 743 740 744 741 746 736 746 746 746 747 747 747 746 746 746 749 751 751 750 751 750 753 753 752 755 753 756 757 756 755 758 757 758 758 758 751 759 759 760 761 764 764 765 765 764 762 763 764 765 763 763 766 766 767 768 768 770 769 768 771 772 769 770 772 772
723 720 719 725 718 727 724 728 729 728 727 722 727 732 734 733 734 735 735 734 738 739 739 741 741 740 739 743 741 741 744 745 741 745 745 745 747 748 749 747 750 749 750 751 752 752 753 754 754 755 754 755 755 757 756 756 756 756 756 759 757 752 754 761 761 759 761 765 759 763 765 765 763 765 765 765 765 763 768 762 768 769 768 772 768 771 772 771 773 773 776
721 723 723 724 725 724 725 723 726 729 729 729 733 733 731 732 732 733 735 736 735 735 738 739 738 741 742 744 742 739 742 745 743 745 746 746 748 741 747 749 747 749 751 750 751 753 753 752 754 754 756 756 756 756 757 758 759 758 758 759 762 762 748 761 764 762 755 762 764 763 764 764 764 765 763 766 768 767 769 770 769 770 766 771 770 772 774 773 771 773 772
723 720 721 723 723 721 724 728 725 728 729 730 732 732 729 733 735 734 735 731 738 731 738 734 735 741 741 744 742 745 742 743 743 740 743 747 748 744 746 748 747 749 749 749 749 750 751 754 753 754 755 756 753 756 756 758 758 757 757 755 753 761 763 760 764 764 762 758 760 761 763 764 765 765 763 765 767 767 769 770 770 770 771 770 772 772 773 773 772 773 773
719 718 718 719 724 725 726 725 727 729 724 725 730 732 732 731 732 735 737 738 737 735 736 735 733 737 741 739 741 742 744 743 743 742 744 747 747 746 747 746 747 747 748 747 748 749 754 749 755 752 756 757 755 755 754 758 757 757 757 759 760 759 761 757 763 761 763 761 763 759 757 765 765 764 768 763 767 768 768 769 769 770 771 768 772 769 774 775 770 771 774
720 719 718 723 719 723 726 725 723 727 730 731 730 732 732 732 734 733 736 737 735 736 738 737 737 740 739 741 741 743 745 745 745 742 747 743 749 743 744 747 744 746 748 749 753 751 754 753 755 755 755 757 757 755 749 757 758 752 758 757 758 760 763 760 752 759 763 766 767 763 765 759 762 768 769 761 765 768 765 767 769 770 771 767 772 770 774 771 771 773 776
722 720 719 720 724 723 728 724 721 724 731 731 731 733 731 734 736 731 736 733 737 738 742 740 735 742 743 742 743 742 744 745 746 741 748 739 749 749 746 749 745 752 751 752 753 754 752 754 752 756 756 756 758 759 757 755 759 751 758 762 757 761 760 764 762 760 763 763 764 767 765 763 766 767 768 767 768 767 768 769 768 769 767 770 770 772 772 773 772 774 774
724 718 718 723 724 726 727 729 729 722 731 732 732 731 737 736 734 733 737 736 736 738 742 742 738 741 743 741 745 743 743 746 744 746 747 749 747 746 750 748 746 748 748 752 751 749 754 755 753 756 757 755 758 758 756 759 757 759 757 758 758 759 759 759 761 765 763 762 759 765 765 765 766 767 764 767 765 766 766 765 769 771 772 769 771 770 766 770 773 773 776
724 722 723 723 721 722 727 726 727 727 727 730 734 733 735 736 739 739 739 738 738 734 739 742 739 738 743 742 744 747 744 745 745 745 747 746 748 745 749 749 751 751 749 750 754 753 753 754 753 756 757 756 756 759 759 759 760 758 760 755 761 763 760 757 763 764 765 761 760 765 764 761 759 767 768 769 766 768 769 770 768 768 772 771 774 774 769 767 771 774 775
723 723 723 723 724 726 727 727 724 719 730 727 729 732 730 736 738 738 740 740 740 742 742 742 743 745 746 743 742 743 747 743 746 749 746 740 749 743 745 746 750 753 748 753 753 753 747 753 755 756 757 757 753 757 758 755 760 760 761 759 761 761 764 760 759 763 766 760 763 764 764 763 762 766 767 768 767 766 767 770 770 767 770 772 773 775 772 772 766 772 771
720 720 725 723 724 727 726 729 729 731 730 731 734 734 737 736 739 735 738 737 736 741 741 743 738 741 745 744 742 741 746 747 746 746 748 745 750 744 751 749 748 752 750 751 753 755 756 750 754 753 757 755 755 755 756 757 750 757 758 760 760 760 761 761 761 762 763 762 763 764 758 765 759 766 766 767 766 768 766 766 766 768 768 772 771 773 774 775 774 774 775
725 721 723 724 722 726 723 729 730 730 731 732 734 731 737 730 739 739 740 741 739 742 743 743 743 741 740 742 743 744 743 742 743 745 747 747 749 749 749 751 751 751 748 752 752 752 755 756 756 750 753 758 759 753 757 757 758 758 759 761 760 760 759 760 763 760 765 764 762 765 763 762 760 748 751 762 768 766 769 770 772 772 774 771 768 773 774 775 774 776 775
724 724 722 726 728 727 727 726 727 730 730 732 733 734 735 737 739 737 736 741 735 730 734 737 734 742 745 746 743 744 744 748 748 749 749 747 749 750 748 750 750 753 753 753 754 755 756 753 758 758 757 756 759 758 758 755 759 758 757 759 761 763 764 759 765 764 761 734 748 732 751 759 766 763 765 758 761 762 757 766 771 771 774 768 763 774 774 775 775 776 777
725 726 725 722 725 727 726 729 729 728 728 727 729 733 735 733 738 740 739 741 743 743 739 740 745 745 739 742 745 742 740 739 744 746 746 748 748 749 750 751 752 749 751 754 750 752 755 757 758 755 756 756 758 757 759 757 758 760 757 760 762 761 763 760 761 762 743 741 743 722 755 764 764 766 764 765 767 768 769 767 763 772 773 774 770 768 772 772 774 775 775
721 725 726 725 725 728 728 726 726 731 729 733 723 731 736 738 736 739 740 739 740 742 742 739 739 744 743 739 742 745 745 743 742 737 740 742 745 747 749 749 751 752 748 754 755 756 754 755 757 757 757 756 759 760 760 760 757 761 761 762 761 761 761 762 761 763 762 764 765 766 766 765 766 766 766 767 766 769 766 770 772 766 764 772 773 775 772 770 770 769 774
724 725 724 724 725 728 728 728 730 730 729 733 729 729 730 737 738 740 732 741 740 740 739 743 743 742 742 743 742 746 744 738 742 744 743 742 745 747 749 751 748 752 753 754 755 756 757 754 756 754 756 754 758 754 760 760 756 760 760 762 763 762 762 760 762 765 764 765 766 767 767 766 766 769 770 766 771 767 769 763 769 774 767 762 771 774 775 770 761 771 774
725 725 724 723 726 725 728 725 729 730 729 734 733 729 727 733 738 740 739 741 739 741 741 742 737 744 745 746 744 730 749 747 745 743 744 737 739 735 747 748 752 750 751 754 746 752 755 751 753 756 753 758 759 759 758 760 760 761 757 762 763 763 763 764 761 761 763 763 766 766 767 766 768 769 765 766 771 771 769 771 764 767 772 771 762 764 770 776 773 769 772
723 724 725 722 725 728 728 730 731 732 732 735 736 737 726 735 735 737 740 739 737 742 743 744 737 744 743 747 742 740 749 747 750 748 748 746 742 740 746 748 749 753 751 747 753 751 750 752 755 756 757 758 758 755 759 758 759 759 760 762 762 761 762 762 764 765 764 765 766 764 768 767 768 768 767 769 767 771 769 770 768 771 772 773 770 769 758 766 772 767 775
725 727 727 723 723 723 728 730 731 731 733 732 735 736 732 735 737 735 738 737 737 739 741 741 740 742 742 743 745 742 746 746 748 750 750 748 747 744 743 751 751 753 755 753 753 755 754 755 755 755 754 757 758 758 760 758 758 760 759 760 761 763 762 763 763 764 765 765 767 768 763 766 768 769 768 768 770 769 766 767 772 771 772 769 769 775 777 769 774 765 777
722 727 727 727 728 727 727 729 730 731 732 732 732 732 733 737 737 737 738 739 741 742 740 742 744 742 744 744 744 744 743 748 747 748 750 749 751 746 744 745 752 753 750 754 754 754 754 757 753 756 753 755 759 758 760 760 757 757 758 762 761 761 763 763 763 763 765 766 767 766 762 765 766 769 770 768 770 770 770 769 770 767 775 767 768 766 776 773 774 772 775
724 724 725 727 724 726 725 726 730 731 732 728 734 731 733 731 735 736 740 733 736 739 738 739 739 741 742 743 745 748 744 749 747 747 750 749 753 750 744 741 748 751 752 753 754 751 755 750 750 756 756 759 757 756 760 761 760 757 757 762 763 760 763 764 763 764 765 766 767 766 768 768 767 767 770 767 768 768 769 770 771 771 773 773 772 772 775 773 772 774 774
722 725 723 728 729 728 727 723 725 732 728 728 729 732 734 737 738 736 739 743 738 741 741 740 741 742 739 742 745 746 746 746 747 748 748 748 751 751 751 747 750 752 750 753 754 753 756 757 755 755 756 758 759 757 759 761 760 759 760 762 763 762 763 764 763 765 764 765 765 767 767 766 767 769 769 768 769 768 769 771 772 772 771 773 777 770 773 779 766 775 776
